source, target
0,1
0,2
0,3
0,4
0,5
0,6
0,7
0,8
0,9
0,10
0,11
0,12
0,13
0,14
0,15
0,16
0,17
0,18
0,19
1,179
1,0
1,3
1,4
1,56
1,9
1,178
1,15
1,158
1,2
1,273
1,8
1,12
1,10
1,13
1,17
1,19
1,320
2,208
2,28
2,0
2,4
2,26
2,29
2,11
2,33
2,34
2,35
2,231
2,207
2,389
2,38
2,39
2,40
2,5
2,41
2,43
2,46
2,246
2,47
2,48
2,248
2,49
2,50
2,249
2,19
2,55
2,209
2,210
2,216
2,56
2,61
2,63
2,225
2,65
2,66
2,15
2,67
2,68
2,69
2,72
2,73
2,74
2,80
2,79
2,347
2,81
2,86
2,17
2,18
2,90
2,92
2,94
2,212
2,97
2,98
2,100
2,218
2,9
2,103
2,104
2,107
2,226
2,233
2,111
2,237
2,113
2,8
2,114
2,243
2,116
2,10
2,121
2,124
2,250
2,125
2,128
2,129
2,215
2,131
2,221
2,138
2,143
2,144
2,224
2,147
2,227
2,153
2,155
2,156
2,241
2,161
2,165
2,167
2,172
2,16
2,173
2,174
2,251
2,27
2,211
2,6
2,217
2,178
2,220
2,31
2,14
2,228
2,229
2,37
2,232
2,234
2,240
2,44
2,293
2,57
2,60
2,59
2,62
2,222
2,64
2,71
2,75
2,76
2,77
2,78
2,199
2,82
2,83
2,87
2,88
2,89
2,396
2,91
2,93
2,95
2,96
2,213
2,99
2,101
2,102
2,219
2,223
2,109
2,230
2,1
2,235
2,112
2,239
2,115
2,120
2,122
2,126
2,130
2,214
2,335
2,134
2,133
2,137
2,141
2,140
2,139
2,145
2,21
2,148
2,149
2,151
2,152
2,157
2,236
2,238
2,395
2,160
2,7
2,242
2,244
2,12
2,245
2,164
2,166
2,168
2,247
2,169
2,170
2,171
3,0
3,102
3,4
3,6
3,9
3,11
3,14
3,187
3,32
3,107
3,188
3,277
3,1
3,191
3,39
3,192
3,193
3,5
3,8
3,115
3,44
3,10
3,117
3,119
3,13
3,200
3,121
3,47
3,202
3,19
3,128
3,55
3,179
3,185
3,186
3,215
3,57
3,56
3,137
3,63
3,66
3,15
3,21
3,189
3,190
3,151
3,71
3,158
3,195
3,194
3,196
3,76
3,75
3,7
3,197
3,198
3,201
3,165
3,85
3,86
3,170
3,171
3,89
3,16
3,17
3,174
4,0
4,276
4,277
4,36
4,389
4,38
4,43
4,246
4,269
4,248
4,253
4,19
4,209
4,280
4,65
4,69
4,22
4,281
4,347
4,17
4,90
4,94
4,100
4,282
4,233
4,113
4,283
4,114
4,8
4,116
4,125
4,284
4,215
4,132
4,340
4,286
4,221
4,143
4,227
4,196
4,241
4,201
4,165
4,287
4,251
4,217
4,228
4,252
4,288
4,289
4,44
4,290
4,54
4,291
4,292
4,255
4,293
4,58
4,60
4,64
4,295
4,296
4,198
4,297
4,83
4,87
4,396
4,298
4,108
4,302
4,203
4,230
4,1
4,303
4,235
4,112
4,115
4,205
4,126
4,304
4,186
4,256
4,133
4,149
4,150
4,305
4,306
4,180
4,244
4,307
4,164
4,166
4,208
4,29
4,30
4,417
4,309
4,39
4,5
4,46
4,47
4,49
4,421
4,311
4,313
4,70
4,314
4,74
4,315
4,80
4,316
4,317
4,97
4,98
4,103
4,226
4,107
4,111
4,243
4,117
4,202
4,320
4,129
4,418
4,321
4,131
4,144
4,146
4,147
4,156
4,159
4,195
4,341
4,16
4,322
4,423
4,323
4,6
4,324
4,424
4,25
4,326
4,51
4,53
4,254
4,3
4,59
4,222
4,329
4,330
4,257
4,77
4,82
4,93
4,331
4,96
4,99
4,188
4,191
4,239
4,123
4,214
4,130
4,335
4,137
4,157
4,2
4,275
4,337
4,194
4,395
4,160
4,242
4,12
4,245
4,247
4,338
4,339
4,170
4,171
5,28
5,0
5,4
5,29
5,6
5,26
5,11
5,14
5,32
5,33
5,34
5,35
5,36
5,37
5,232
5,38
5,39
5,193
5,41
5,44
5,46
5,290
5,47
5,50
5,249
5,53
5,19
5,54
5,179
5,185
5,3
5,56
5,57
5,59
5,294
5,61
5,63
5,64
5,66
5,15
5,189
5,67
5,69
5,190
5,71
5,72
5,22
5,73
5,76
5,198
5,78
5,79
5,82
5,81
5,85
5,88
5,17
5,90
5,18
5,91
5,93
5,95
5,96
5,98
5,97
5,101
5,102
5,9
5,104
5,318
5,187
5,188
5,109
5,191
5,192
5,111
5,112
5,8
5,114
5,120
5,119
5,200
5,121
5,122
5,202
5,125
5,129
5,130
5,186
5,133
5,137
5,139
5,144
5,147
5,21
5,148
5,151
5,153
5,157
5,2
5,195
5,194
5,196
5,160
5,7
5,197
5,161
5,244
5,12
5,162
5,164
5,201
5,169
5,170
5,171
5,16
5,173
6,28
6,0
6,4
6,26
6,29
6,30
6,11
6,33
6,34
6,309
6,35
6,36
6,38
6,39
6,40
6,5
6,41
6,43
6,46
6,47
6,48
6,269
6,49
6,50
6,19
6,55
6,185
6,56
6,61
6,63
6,65
6,66
6,67
6,68
6,69
6,70
6,72
6,22
6,73
6,74
6,79
6,80
6,81
6,86
6,17
6,90
6,92
6,316
6,94
6,97
6,98
6,100
6,103
6,104
6,106
6,107
6,111
6,113
6,283
6,8
6,114
6,116
6,117
6,118
6,121
6,124
6,125
6,127
6,128
6,129
6,285
6,131
6,132
6,136
6,138
6,143
6,144
6,146
6,147
6,153
6,155
6,156
6,159
6,241
6,197
6,161
6,162
6,163
6,165
6,167
6,172
6,16
6,173
6,174
6,175
6,27
6,323
6,217
6,31
6,14
6,37
6,25
6,44
6,42
6,45
6,51
6,53
6,52
6,54
6,3
6,57
6,58
6,60
6,59
6,62
6,64
6,71
6,75
6,76
6,77
6,78
6,82
6,83
6,84
6,87
6,85
6,88
6,89
6,91
6,93
6,95
6,96
6,99
6,101
6,102
6,105
6,108
6,109
6,191
6,110
6,112
6,115
6,120
6,119
6,122
6,123
6,126
6,130
6,186
6,134
6,133
6,135
6,137
6,141
6,140
6,139
6,142
6,145
6,21
6,148
6,149
6,150
6,151
6,152
6,157
6,154
6,158
6,2
6,160
6,7
6,12
6,164
6,166
6,168
6,169
6,339
6,170
6,171
7,27
7,28
7,0
7,26
7,6
7,29
7,11
7,31
7,14
7,33
7,34
7,35
7,36
7,37
7,38
7,39
7,5
7,41
7,43
7,44
7,46
7,47
7,48
7,49
7,50
7,19
7,53
7,54
7,179
7,3
7,56
7,57
7,59
7,60
7,61
7,62
7,63
7,64
7,65
7,15
7,67
7,68
7,69
7,71
7,72
7,73
7,74
7,76
7,77
7,78
7,80
7,79
7,82
7,81
7,83
7,85
7,87
7,86
7,88
7,17
7,89
7,18
7,90
7,91
7,92
7,93
7,94
7,95
7,96
7,97
7,98
7,99
7,100
7,101
7,102
7,9
7,104
7,109
7,111
7,112
7,113
7,8
7,114
7,115
7,116
7,10
7,119
7,120
7,121
7,122
7,124
7,125
7,126
7,128
7,129
7,130
7,131
7,133
7,134
7,137
7,138
7,139
7,140
7,141
7,143
7,144
7,145
7,147
7,21
7,148
7,149
7,151
7,152
7,153
7,155
7,156
7,157
7,158
7,2
7,194
7,160
7,161
7,12
7,162
7,164
7,165
7,166
7,167
7,168
7,169
7,170
7,171
7,172
7,16
7,173
7,174
8,27
8,28
8,0
8,4
8,26
8,6
8,29
8,11
8,31
8,14
8,33
8,34
8,35
8,36
8,277
8,37
8,38
8,39
8,5
8,41
8,43
8,44
8,46
8,47
8,48
8,49
8,50
8,53
8,19
8,54
8,3
8,56
8,57
8,59
8,60
8,61
8,62
8,63
8,64
8,65
8,15
8,67
8,68
8,69
8,71
8,72
8,73
8,74
8,76
8,77
8,78
8,80
8,79
8,82
8,81
8,83
8,85
8,87
8,86
8,88
8,17
8,89
8,18
8,90
8,91
8,92
8,316
8,93
8,94
8,95
8,96
8,97
8,98
8,99
8,100
8,101
8,102
8,9
8,104
8,109
8,1
8,111
8,112
8,113
8,114
8,115
8,116
8,119
8,13
8,120
8,121
8,122
8,124
8,125
8,126
8,284
8,128
8,129
8,130
8,131
8,133
8,134
8,137
8,138
8,139
8,140
8,141
8,143
8,144
8,145
8,147
8,21
8,148
8,149
8,151
8,152
8,153
8,155
8,156
8,157
8,2
8,275
8,194
8,160
8,7
8,161
8,12
8,162
8,245
8,164
8,165
8,166
8,167
8,168
8,169
8,170
8,171
8,172
8,16
8,173
8,174
9,28
9,208
9,322
9,0
9,323
9,217
9,178
9,11
9,308
9,14
9,252
9,424
9,232
9,398
9,429
9,25
9,5
9,41
9,326
9,278
9,46
9,290
9,269
9,49
9,249
9,19
9,253
9,54
9,179
9,292
9,210
9,280
9,3
9,216
9,57
9,58
9,60
9,294
9,64
9,295
9,15
9,296
9,73
9,199
9,315
9,78
9,347
9,83
9,17
9,18
9,91
9,93
9,95
9,212
9,97
9,99
9,100
9,104
9,282
9,188
9,302
9,1
9,233
9,191
9,237
9,332
9,239
9,273
9,114
9,8
9,120
9,119
9,367
9,205
9,202
9,320
9,129
9,130
9,215
9,133
9,138
9,139
9,140
9,145
9,148
9,151
9,2
9,238
9,194
9,195
9,241
9,7
9,244
9,12
9,245
9,165
9,338
9,170
9,172
9,16
10,128
10,55
10,179
10,0
10,3
10,102
10,56
10,63
10,66
10,107
10,1
10,158
10,2
10,75
10,7
10,12
10,117
10,121
10,85
10,171
10,16
10,174
10,19
11,27
11,28
11,0
11,6
11,26
11,30
11,14
11,33
11,34
11,35
11,36
11,37
11,40
11,41
11,5
11,326
11,42
11,43
11,46
11,45
11,50
11,51
11,52
11,19
11,54
11,55
11,179
11,3
11,57
11,56
11,58
11,61
11,62
11,63
11,312
11,66
11,15
11,67
11,70
11,71
11,72
11,22
11,74
11,73
11,75
11,77
11,80
11,79
11,82
11,81
11,83
11,84
11,86
11,85
11,88
11,17
11,90
11,18
11,91
11,92
11,95
11,96
11,99
11,100
11,101
11,102
11,9
11,103
11,104
11,105
11,106
11,108
11,107
11,109
11,191
11,110
11,111
11,112
11,113
11,8
11,115
11,116
11,117
11,120
11,118
11,121
11,122
11,123
11,124
11,127
11,128
11,129
11,130
11,133
11,132
11,135
11,136
11,141
11,139
11,142
11,143
11,144
11,145
11,147
11,146
11,148
11,149
11,150
11,153
11,157
11,156
11,155
11,154
11,158
11,2
11,159
11,194
11,160
11,7
11,161
11,12
11,162
11,163
11,164
11,166
11,169
11,172
11,171
11,16
11,174
11,173
11,175
12,27
12,28
12,0
12,4
12,26
12,6
12,29
12,11
12,31
12,14
12,33
12,34
12,35
12,37
12,38
12,39
12,40
12,5
12,41
12,43
12,44
12,46
12,47
12,48
12,49
12,50
12,19
12,55
12,56
12,57
12,59
12,60
12,61
12,62
12,63
12,64
12,65
12,66
12,15
12,67
12,68
12,69
12,71
12,72
12,73
12,74
12,75
12,76
12,77
12,78
12,80
12,79
12,82
12,81
12,83
12,87
12,86
12,88
12,17
12,89
12,18
12,90
12,91
12,92
12,93
12,94
12,95
12,96
12,97
12,98
12,99
12,100
12,101
12,102
12,9
12,104
12,107
12,109
12,230
12,1
12,233
12,111
12,112
12,113
12,8
12,114
12,115
12,116
12,10
12,120
12,121
12,122
12,124
12,125
12,126
12,320
12,128
12,129
12,130
12,215
12,131
12,133
12,134
12,137
12,138
12,139
12,140
12,141
12,143
12,144
12,145
12,147
12,21
12,148
12,149
12,151
12,152
12,153
12,155
12,156
12,157
12,2
12,160
12,7
12,161
12,164
12,165
12,166
12,167
12,168
12,169
12,170
12,171
12,172
12,16
12,173
12,174
13,8
13,1
13,0
13,3
13,15
13,17
13,19
14,27
14,28
14,0
14,26
14,6
14,29
14,30
14,11
14,31
14,33
14,34
14,35
14,36
14,37
14,38
14,39
14,40
14,5
14,41
14,42
14,43
14,44
14,45
14,46
14,47
14,48
14,49
14,50
14,51
14,52
14,53
14,19
14,54
14,55
14,179
14,3
14,56
14,57
14,58
14,59
14,60
14,61
14,62
14,63
14,64
14,65
14,66
14,15
14,67
14,68
14,69
14,70
14,71
14,72
14,22
14,73
14,74
14,75
14,76
14,77
14,78
14,79
14,80
14,81
14,82
14,83
14,84
14,85
14,86
14,87
14,88
14,17
14,89
14,18
14,90
14,91
14,92
14,93
14,94
14,95
14,96
14,97
14,98
14,99
14,100
14,101
14,102
14,103
14,9
14,104
14,105
14,106
14,107
14,108
14,109
14,110
14,111
14,112
14,113
14,8
14,114
14,115
14,116
14,117
14,118
14,119
14,120
14,121
14,122
14,123
14,124
14,125
14,126
14,127
14,128
14,129
14,130
14,131
14,132
14,133
14,134
14,135
14,136
14,137
14,138
14,139
14,140
14,141
14,142
14,143
14,144
14,145
14,146
14,147
14,21
14,148
14,149
14,150
14,151
14,152
14,153
14,154
14,155
14,156
14,157
14,158
14,2
14,159
14,194
14,160
14,7
14,161
14,12
14,162
14,163
14,164
14,165
14,166
14,167
14,168
14,169
14,170
14,171
14,172
14,16
14,173
14,174
14,175
15,1
15,0
15,3
15,2
15,5
15,7
15,8
15,9
15,11
15,12
15,13
15,14
15,16
15,17
15,18
15,19
16,27
16,28
16,0
16,4
16,26
16,6
16,29
16,30
16,11
16,31
16,14
16,33
16,34
16,35
16,36
16,37
16,38
16,39
16,40
16,5
16,41
16,42
16,43
16,44
16,45
16,46
16,47
16,48
16,49
16,50
16,51
16,52
16,19
16,53
16,54
16,55
16,179
16,280
16,3
16,56
16,57
16,58
16,59
16,60
16,61
16,62
16,63
16,64
16,65
16,66
16,15
16,67
16,68
16,69
16,70
16,71
16,72
16,22
16,73
16,74
16,75
16,76
16,77
16,78
16,80
16,79
16,82
16,81
16,83
16,84
16,85
16,87
16,86
16,88
16,17
16,89
16,18
16,90
16,91
16,92
16,93
16,94
16,95
16,96
16,97
16,98
16,99
16,100
16,101
16,102
16,103
16,9
16,104
16,105
16,106
16,107
16,108
16,109
16,110
16,111
16,112
16,113
16,8
16,114
16,115
16,116
16,10
16,117
16,118
16,119
16,120
16,121
16,122
16,123
16,124
16,125
16,126
16,127
16,128
16,129
16,130
16,131
16,132
16,133
16,134
16,135
16,136
16,137
16,138
16,139
16,140
16,141
16,142
16,143
16,144
16,145
16,146
16,147
16,21
16,148
16,149
16,150
16,151
16,152
16,153
16,154
16,155
16,156
16,157
16,158
16,2
16,159
16,194
16,160
16,7
16,161
16,12
16,162
16,163
16,164
16,165
16,166
16,167
16,168
16,169
16,170
16,171
16,172
16,173
16,174
16,175
17,208
17,28
17,0
17,4
17,29
17,26
17,30
17,11
17,417
17,33
17,34
17,309
17,35
17,276
17,277
17,36
17,39
17,5
17,41
17,43
17,278
17,46
17,246
17,47
17,48
17,248
17,269
17,49
17,50
17,253
17,19
17,311
17,209
17,210
17,280
17,56
17,61
17,63
17,312
17,65
17,15
17,67
17,68
17,69
17,313
17,72
17,314
17,22
17,74
17,73
17,315
17,281
17,80
17,79
17,81
17,86
17,90
17,92
17,94
17,317
17,97
17,98
17,100
17,9
17,104
17,318
17,282
17,226
17,107
17,233
17,111
17,113
17,8
17,114
17,116
17,117
17,13
17,121
17,124
17,202
17,125
17,284
17,128
17,129
17,418
17,321
17,215
17,131
17,132
17,221
17,138
17,143
17,144
17,146
17,147
17,227
17,153
17,155
17,156
17,195
17,196
17,241
17,161
17,162
17,201
17,165
17,167
17,172
17,16
17,287
17,173
17,174
17,27
17,322
17,323
17,217
17,6
17,324
17,31
17,14
17,252
17,37
17,288
17,289
17,25
17,326
17,42
17,44
17,290
17,54
17,292
17,3
17,57
17,60
17,59
17,62
17,329
17,64
17,330
17,295
17,296
17,71
17,257
17,76
17,75
17,77
17,198
17,78
17,297
17,82
17,83
17,87
17,85
17,88
17,89
17,91
17,93
17,299
17,331
17,95
17,96
17,99
17,101
17,102
17,188
17,302
17,109
17,203
17,1
17,235
17,112
17,332
17,239
17,115
17,120
17,119
17,122
17,123
17,205
17,126
17,304
17,130
17,256
17,133
17,134
17,137
17,141
17,140
17,139
17,145
17,21
17,148
17,149
17,151
17,306
17,152
17,157
17,2
17,238
17,337
17,194
17,160
17,7
17,244
17,12
17,245
17,307
17,164
17,166
17,247
17,168
17,338
17,169
17,170
17,171
18,208
18,0
18,211
18,97
18,212
18,213
18,217
18,218
18,219
18,178
18,9
18,220
18,11
18,14
18,223
18,226
18,300
18,228
18,230
18,229
18,231
18,207
18,233
18,232
18,234
18,235
18,237
18,239
18,240
18,5
18,8
18,243
18,120
18,246
18,248
18,334
18,249
18,250
18,19
18,209
18,210
18,214
18,216
18,215
18,221
18,222
18,224
18,225
18,15
18,68
18,227
18,2
18,236
18,238
18,241
18,7
18,242
18,244
18,12
18,199
18,78
18,245
18,165
18,247
18,87
18,88
18,16
18,251
19,28
19,0
19,26
19,32
19,33
19,34
19,35
19,276
19,36
19,277
19,207
19,38
19,41
19,43
19,278
19,246
19,258
19,248
19,269
19,50
19,253
19,279
19,55
19,209
19,210
19,280
19,216
19,56
19,65
19,66
19,15
19,68
19,69
19,72
19,22
19,281
19,17
19,90
19,94
19,104
19,282
19,233
19,113
19,283
19,263
19,8
19,114
19,116
19,118
19,13
19,200
19,121
19,250
19,125
19,284
19,285
19,261
19,215
19,132
19,286
19,221
19,143
19,224
19,227
19,153
19,196
19,241
19,197
19,162
19,165
19,201
19,174
19,287
19,251
19,217
19,220
19,228
19,252
19,288
19,232
19,289
19,240
19,44
19,42
19,290
19,291
19,54
19,292
19,260
19,255
19,293
19,58
19,60
19,294
19,64
19,295
19,296
19,71
19,198
19,297
19,83
19,85
19,87
19,88
19,298
19,299
19,95
19,213
19,102
19,219
19,266
19,108
19,300
19,301
19,302
19,203
19,230
19,1
19,303
19,235
19,112
19,115
19,119
19,205
19,126
19,304
19,186
19,256
19,133
19,145
19,270
19,148
19,149
19,150
19,305
19,306
19,244
19,307
19,164
19,166
19,169
19,208
19,4
19,29
19,30
19,11
19,308
19,309
19,231
19,39
19,310
19,5
19,46
19,47
19,49
19,249
19,311
19,61
19,63
19,312
19,225
19,67
19,190
19,313
19,70
19,314
19,262
19,73
19,74
19,315
19,79
19,80
19,81
19,18
19,316
19,317
19,97
19,98
19,212
19,218
19,9
19,103
19,318
19,226
19,107
19,111
19,237
19,243
19,10
19,117
19,267
19,319
19,271
19,202
19,320
19,129
19,321
19,264
19,144
19,268
19,146
19,147
19,156
19,195
19,161
19,167
19,172
19,16
19,173
19,322
19,211
19,323
19,6
19,178
19,31
19,324
19,14
19,229
19,37
19,234
19,325
19,25
19,326
19,53
19,327
19,254
19,179
19,3
19,57
19,59
19,328
19,222
19,329
19,330
19,257
19,75
19,77
19,199
19,78
19,82
19,91
19,93
19,331
19,96
19,99
19,101
19,223
19,188
19,109
19,259
19,191
19,332
19,239
19,265
19,120
19,122
19,123
19,333
19,334
19,214
19,130
19,335
19,137
19,139
19,336
19,21
19,151
19,157
19,158
19,2
19,275
19,236
19,337
19,238
19,194
19,160
19,7
19,242
19,12
19,245
19,168
19,247
19,338
19,339
19,170
19,171
20,21
20,22
20,23
20,24
20,25
21,28
21,20
21,372
21,26
21,29
21,32
21,33
21,34
21,35
21,36
21,38
21,39
21,5
21,41
21,43
21,278
21,46
21,47
21,48
21,49
21,50
21,19
21,371
21,185
21,216
21,414
21,56
21,61
21,63
21,65
21,67
21,68
21,190
21,69
21,72
21,22
21,73
21,74
21,80
21,79
21,81
21,86
21,17
21,90
21,92
21,94
21,97
21,98
21,100
21,104
21,106
21,187
21,370
21,111
21,113
21,8
21,114
21,116
21,200
21,121
21,369
21,124
21,202
21,250
21,125
21,128
21,129
21,131
21,138
21,143
21,144
21,147
21,153
21,155
21,156
21,195
21,196
21,197
21,161
21,162
21,201
21,165
21,167
21,172
21,16
21,173
21,174
21,27
21,211
21,6
21,373
21,31
21,14
21,24
21,37
21,193
21,23
21,25
21,44
21,425
21,53
21,54
21,179
21,3
21,57
21,411
21,60
21,59
21,62
21,64
21,189
21,71
21,76
21,77
21,198
21,78
21,82
21,83
21,87
21,85
21,88
21,419
21,420
21,89
21,91
21,93
21,95
21,96
21,99
21,101
21,102
21,410
21,188
21,302
21,109
21,191
21,192
21,112
21,115
21,120
21,119
21,122
21,126
21,130
21,186
21,134
21,133
21,137
21,141
21,140
21,139
21,145
21,413
21,148
21,149
21,150
21,151
21,412
21,152
21,157
21,2
21,238
21,194
21,160
21,7
21,12
21,164
21,166
21,168
21,169
21,170
21,171
22,27
22,28
22,20
22,4
22,6
22,26
22,30
22,11
22,14
22,24
22,33
22,34
22,35
22,36
22,37
22,39
22,40
22,23
22,25
22,5
22,41
22,42
22,43
22,46
22,45
22,50
22,51
22,19
22,52
22,431
22,54
22,55
22,280
22,56
22,57
22,58
22,59
22,61
22,62
22,66
22,67
22,70
22,72
22,74
22,73
22,75
22,77
22,198
22,80
22,79
22,82
22,81
22,83
22,84
22,88
22,17
22,90
22,91
22,92
22,93
22,94
22,95
22,96
22,98
22,99
22,100
22,101
22,102
22,103
22,104
22,105
22,106
22,108
22,107
22,109
22,110
22,111
22,112
22,113
22,115
22,116
22,117
22,120
22,118
22,121
22,122
22,123
22,124
22,127
22,128
22,129
22,130
22,132
22,133
22,135
22,136
22,141
22,139
22,142
22,143
22,144
22,145
22,147
22,146
22,21
22,148
22,149
22,150
22,153
22,157
22,156
22,155
22,154
22,158
22,159
22,160
22,161
22,162
22,163
22,164
22,166
22,169
22,170
22,171
22,172
22,16
22,173
22,174
22,175
23,21
23,22
23,24
23,25
23,20
24,21
24,22
24,23
24,25
24,20
25,9
25,278
25,24
25,20
25,238
25,21
25,332
25,22
25,17
25,23
25,19
25,302
25,4
25,6
25,217
26,27
26,28
26,6
26,29
26,30
26,11
26,31
26,14
26,32
26,33
26,34
26,35
26,36
26,37
26,38
26,39
26,40
26,5
26,41
26,42
26,43
26,44
26,45
26,46
26,47
26,48
26,49
26,50
26,51
26,52
26,53
26,19
26,54
26,55
26,56
26,57
26,58
26,59
26,60
26,61
26,62
26,63
26,64
26,65
26,66
26,67
26,68
26,69
26,70
26,71
26,72
26,22
26,73
26,74
26,75
26,76
26,77
26,78
26,79
26,80
26,81
26,82
26,83
26,84
26,85
26,86
26,87
26,88
26,17
26,89
26,90
26,91
26,92
26,93
26,94
26,95
26,96
26,97
26,98
26,99
26,100
26,101
26,102
26,103
26,104
26,105
26,106
26,107
26,108
26,109
26,110
26,111
26,112
26,113
26,8
26,114
26,115
26,116
26,117
26,118
26,119
26,120
26,121
26,122
26,123
26,124
26,125
26,126
26,127
26,128
26,129
26,130
26,131
26,132
26,133
26,134
26,135
26,136
26,137
26,138
26,139
26,140
26,141
26,142
26,143
26,144
26,145
26,146
26,147
26,21
26,148
26,149
26,150
26,151
26,152
26,153
26,154
26,155
26,156
26,157
26,158
26,2
26,159
26,160
26,7
26,161
26,12
26,162
26,163
26,164
26,165
26,166
26,167
26,168
26,169
26,170
26,171
26,172
26,16
26,173
26,174
26,175
27,28
27,26
27,6
27,29
27,30
27,11
27,31
27,14
27,33
27,34
27,35
27,36
27,37
27,39
27,40
27,41
27,42
27,43
27,44
27,45
27,46
27,246
27,47
27,48
27,49
27,50
27,51
27,52
27,54
27,55
27,254
27,56
27,57
27,58
27,59
27,60
27,61
27,62
27,63
27,64
27,65
27,66
27,67
27,68
27,69
27,70
27,71
27,72
27,22
27,73
27,74
27,75
27,76
27,77
27,78
27,80
27,79
27,82
27,81
27,83
27,84
27,87
27,86
27,88
27,17
27,89
27,90
27,91
27,92
27,93
27,94
27,95
27,96
27,97
27,98
27,99
27,100
27,101
27,102
27,103
27,104
27,105
27,106
27,318
27,107
27,108
27,109
27,110
27,111
27,112
27,113
27,8
27,114
27,115
27,116
27,117
27,118
27,120
27,121
27,122
27,123
27,124
27,125
27,126
27,127
27,128
27,129
27,130
27,131
27,132
27,133
27,134
27,135
27,136
27,137
27,138
27,139
27,140
27,141
27,142
27,143
27,144
27,145
27,146
27,147
27,21
27,148
27,149
27,150
27,151
27,152
27,153
27,154
27,155
27,156
27,157
27,158
27,2
27,159
27,160
27,7
27,161
27,12
27,162
27,163
27,164
27,165
27,166
27,167
27,168
27,169
27,170
27,172
27,171
27,16
27,173
27,174
27,175
28,27
28,26
28,6
28,29
28,30
28,11
28,31
28,14
28,33
28,34
28,252
28,35
28,36
28,37
28,38
28,39
28,40
28,5
28,41
28,42
28,43
28,44
28,45
28,46
28,290
28,47
28,48
28,49
28,50
28,51
28,52
28,19
28,53
28,253
28,54
28,327
28,55
28,56
28,57
28,58
28,59
28,60
28,61
28,62
28,63
28,64
28,65
28,66
28,67
28,68
28,69
28,70
28,71
28,72
28,22
28,73
28,74
28,75
28,76
28,77
28,78
28,79
28,80
28,81
28,82
28,83
28,84
28,85
28,86
28,87
28,88
28,17
28,89
28,90
28,91
28,92
28,93
28,94
28,95
28,96
28,97
28,98
28,99
28,100
28,101
28,102
28,9
28,103
28,104
28,105
28,106
28,107
28,108
28,203
28,109
28,110
28,111
28,112
28,113
28,8
28,114
28,115
28,116
28,204
28,117
28,118
28,119
28,120
28,121
28,122
28,123
28,205
28,124
28,125
28,126
28,127
28,128
28,129
28,130
28,131
28,132
28,133
28,134
28,135
28,378
28,136
28,137
28,138
28,139
28,140
28,141
28,142
28,143
28,144
28,145
28,146
28,147
28,206
28,21
28,148
28,149
28,150
28,151
28,152
28,153
28,154
28,155
28,156
28,157
28,158
28,2
28,159
28,160
28,7
28,161
28,12
28,245
28,162
28,163
28,164
28,201
28,165
28,166
28,167
28,168
28,169
28,170
28,171
28,172
28,16
28,173
28,174
28,175
29,27
29,28
29,323
29,4
29,26
29,6
29,31
29,14
29,417
29,33
29,34
29,35
29,36
29,37
29,38
29,39
29,5
29,41
29,326
29,43
29,44
29,46
29,47
29,48
29,49
29,50
29,19
29,53
29,54
29,56
29,57
29,59
29,60
29,61
29,62
29,63
29,64
29,65
29,67
29,68
29,69
29,71
29,72
29,73
29,74
29,76
29,77
29,78
29,79
29,80
29,81
29,82
29,83
29,85
29,86
29,87
29,88
29,17
29,89
29,90
29,91
29,92
29,93
29,94
29,95
29,96
29,97
29,98
29,99
29,100
29,101
29,102
29,104
29,109
29,111
29,112
29,113
29,8
29,114
29,115
29,116
29,119
29,120
29,121
29,122
29,124
29,125
29,126
29,128
29,129
29,418
29,130
29,131
29,133
29,134
29,137
29,138
29,139
29,140
29,141
29,143
29,144
29,145
29,147
29,21
29,148
29,149
29,151
29,152
29,153
29,155
29,156
29,157
29,2
29,196
29,160
29,7
29,161
29,12
29,162
29,164
29,165
29,166
29,167
29,168
29,338
29,169
29,170
29,171
29,172
29,16
29,173
29,174
30,92
30,27
30,28
30,95
30,96
30,99
30,101
30,100
30,102
30,4
30,6
30,26
30,103
30,11
30,104
30,14
30,105
30,106
30,107
30,108
30,33
30,34
30,109
30,35
30,36
30,37
30,288
30,191
30,111
30,110
30,40
30,112
30,113
30,41
30,116
30,115
30,326
30,42
30,43
30,117
30,118
30,120
30,46
30,45
30,122
30,121
30,123
30,48
30,124
30,50
30,51
30,52
30,19
30,54
30,127
30,128
30,55
30,129
30,280
30,130
30,132
30,133
30,135
30,56
30,57
30,136
30,58
30,61
30,62
30,139
30,141
30,143
30,142
30,144
30,145
30,146
30,66
30,147
30,67
30,148
30,149
30,150
30,70
30,153
30,154
30,155
30,156
30,157
30,158
30,72
30,159
30,22
30,74
30,73
30,160
30,75
30,161
30,77
30,162
30,80
30,163
30,79
30,164
30,82
30,81
30,166
30,83
30,84
30,169
30,88
30,172
30,16
30,17
30,174
30,90
30,173
30,175
30,91
30,298
31,27
31,28
31,29
31,6
31,26
31,14
31,33
31,34
31,35
31,37
31,39
31,41
31,44
31,43
31,46
31,47
31,48
31,269
31,49
31,50
31,19
31,56
31,57
31,59
31,60
31,61
31,62
31,63
31,64
31,65
31,67
31,68
31,69
31,272
31,71
31,72
31,73
31,74
31,76
31,77
31,78
31,80
31,79
31,82
31,81
31,83
31,87
31,86
31,88
31,17
31,89
31,90
31,91
31,92
31,93
31,94
31,95
31,96
31,213
31,97
31,98
31,99
31,100
31,101
31,102
31,104
31,109
31,259
31,111
31,112
31,113
31,8
31,114
31,115
31,116
31,265
31,120
31,121
31,122
31,271
31,124
31,125
31,126
31,128
31,129
31,130
31,131
31,133
31,134
31,264
31,137
31,138
31,139
31,140
31,141
31,143
31,144
31,145
31,147
31,21
31,148
31,149
31,151
31,152
31,153
31,155
31,156
31,157
31,2
31,160
31,7
31,161
31,244
31,12
31,164
31,165
31,166
31,167
31,168
31,169
31,170
31,171
31,172
31,16
31,173
31,174
32,93
32,179
32,185
32,98
32,3
32,186
32,26
32,137
32,187
32,147
32,21
32,188
32,189
32,190
32,191
32,39
32,192
32,193
32,194
32,195
32,196
32,76
32,5
32,77
32,197
32,198
32,199
32,44
32,118
32,119
32,200
32,201
32,47
32,170
32,202
32,19
33,27
33,28
33,26
33,6
33,29
33,30
33,11
33,31
33,14
33,34
33,35
33,36
33,37
33,38
33,39
33,40
33,5
33,41
33,42
33,43
33,44
33,45
33,46
33,47
33,48
33,49
33,50
33,51
33,52
33,19
33,53
33,54
33,55
33,56
33,57
33,58
33,59
33,60
33,61
33,62
33,63
33,64
33,65
33,66
33,67
33,68
33,69
33,70
33,71
33,72
33,22
33,73
33,74
33,75
33,76
33,77
33,78
33,79
33,80
33,81
33,82
33,83
33,84
33,85
33,86
33,87
33,88
33,17
33,89
33,90
33,91
33,92
33,93
33,94
33,95
33,96
33,97
33,98
33,99
33,100
33,101
33,102
33,218
33,103
33,104
33,105
33,106
33,107
33,108
33,109
33,110
33,111
33,112
33,113
33,8
33,114
33,115
33,116
33,117
33,118
33,119
33,120
33,121
33,122
33,123
33,124
33,125
33,126
33,127
33,304
33,128
33,129
33,214
33,130
33,131
33,132
33,133
33,134
33,135
33,136
33,137
33,138
33,139
33,140
33,141
33,142
33,143
33,144
33,145
33,146
33,147
33,21
33,148
33,149
33,150
33,151
33,152
33,153
33,154
33,155
33,156
33,157
33,158
33,2
33,159
33,160
33,7
33,161
33,12
33,162
33,163
33,164
33,165
33,166
33,167
33,168
33,169
33,170
33,171
33,172
33,16
33,173
33,174
33,175
34,27
34,28
34,26
34,6
34,29
34,30
34,11
34,31
34,14
34,33
34,309
34,35
34,36
34,37
34,38
34,39
34,40
34,5
34,41
34,42
34,43
34,44
34,45
34,46
34,47
34,48
34,49
34,50
34,51
34,52
34,19
34,53
34,54
34,55
34,56
34,57
34,58
34,59
34,60
34,61
34,62
34,63
34,64
34,65
34,66
34,67
34,68
34,69
34,70
34,71
34,72
34,22
34,73
34,74
34,75
34,76
34,77
34,78
34,79
34,80
34,81
34,82
34,83
34,84
34,85
34,86
34,87
34,88
34,17
34,89
34,90
34,91
34,92
34,93
34,94
34,95
34,96
34,97
34,98
34,99
34,100
34,101
34,102
34,103
34,104
34,105
34,106
34,107
34,108
34,109
34,110
34,111
34,112
34,113
34,8
34,114
34,115
34,116
34,117
34,118
34,119
34,120
34,121
34,122
34,123
34,124
34,125
34,126
34,127
34,128
34,129
34,130
34,131
34,132
34,133
34,134
34,135
34,136
34,137
34,138
34,139
34,140
34,141
34,142
34,143
34,144
34,145
34,146
34,147
34,21
34,148
34,149
34,150
34,151
34,152
34,153
34,154
34,155
34,156
34,157
34,158
34,2
34,159
34,160
34,7
34,161
34,12
34,162
34,163
34,164
34,165
34,166
34,167
34,168
34,169
34,339
34,170
34,171
34,172
34,16
34,173
34,174
34,175
35,27
35,28
35,26
35,6
35,29
35,30
35,11
35,31
35,14
35,33
35,34
35,36
35,37
35,38
35,39
35,40
35,5
35,41
35,42
35,43
35,44
35,45
35,46
35,47
35,48
35,49
35,50
35,51
35,52
35,19
35,53
35,54
35,55
35,56
35,57
35,58
35,59
35,60
35,61
35,62
35,63
35,64
35,65
35,66
35,67
35,68
35,69
35,70
35,71
35,72
35,22
35,73
35,74
35,75
35,76
35,77
35,78
35,79
35,80
35,81
35,82
35,83
35,84
35,85
35,86
35,87
35,88
35,17
35,89
35,90
35,91
35,92
35,93
35,94
35,95
35,96
35,97
35,98
35,99
35,100
35,101
35,102
35,103
35,104
35,105
35,106
35,107
35,108
35,109
35,110
35,111
35,112
35,113
35,8
35,114
35,115
35,116
35,117
35,118
35,119
35,120
35,121
35,122
35,123
35,124
35,125
35,126
35,127
35,128
35,129
35,130
35,131
35,132
35,133
35,134
35,135
35,136
35,137
35,138
35,139
35,140
35,141
35,142
35,143
35,144
35,145
35,146
35,147
35,21
35,148
35,149
35,150
35,151
35,152
35,153
35,154
35,155
35,156
35,157
35,158
35,2
35,159
35,160
35,7
35,161
35,12
35,162
35,163
35,164
35,165
35,166
35,167
35,168
35,169
35,170
35,171
35,172
35,16
35,173
35,174
35,175
36,27
36,28
36,4
36,29
36,6
36,26
36,30
36,11
36,14
36,33
36,34
36,35
36,37
36,38
36,39
36,40
36,41
36,5
36,42
36,43
36,44
36,45
36,46
36,47
36,50
36,51
36,52
36,19
36,53
36,54
36,55
36,57
36,56
36,58
36,62
36,61
36,63
36,64
36,66
36,67
36,69
36,70
36,71
36,72
36,22
36,74
36,73
36,75
36,77
36,78
36,80
36,79
36,82
36,81
36,83
36,84
36,85
36,88
36,17
36,90
36,91
36,92
36,95
36,96
36,99
36,101
36,100
36,102
36,103
36,104
36,105
36,106
36,108
36,107
36,109
36,203
36,111
36,110
36,112
36,113
36,8
36,115
36,116
36,204
36,117
36,120
36,119
36,118
36,122
36,121
36,123
36,205
36,124
36,125
36,127
36,128
36,129
36,130
36,132
36,133
36,135
36,136
36,137
36,141
36,139
36,143
36,142
36,144
36,145
36,146
36,147
36,21
36,206
36,148
36,149
36,150
36,151
36,153
36,154
36,155
36,156
36,157
36,158
36,159
36,160
36,7
36,161
36,162
36,163
36,164
36,166
36,169
36,172
36,16
36,174
36,173
36,175
37,27
37,28
37,26
37,6
37,29
37,30
37,11
37,31
37,14
37,33
37,34
37,35
37,36
37,38
37,39
37,40
37,5
37,41
37,42
37,43
37,44
37,45
37,46
37,47
37,48
37,49
37,50
37,51
37,52
37,19
37,53
37,54
37,55
37,56
37,57
37,58
37,59
37,60
37,61
37,62
37,63
37,64
37,65
37,66
37,67
37,68
37,69
37,70
37,71
37,72
37,22
37,73
37,74
37,75
37,76
37,77
37,78
37,79
37,80
37,81
37,82
37,83
37,84
37,85
37,86
37,87
37,88
37,17
37,89
37,90
37,91
37,92
37,93
37,94
37,95
37,96
37,97
37,98
37,99
37,100
37,101
37,102
37,103
37,104
37,105
37,106
37,107
37,108
37,109
37,110
37,111
37,112
37,113
37,8
37,114
37,115
37,116
37,117
37,118
37,119
37,120
37,200
37,121
37,122
37,123
37,124
37,125
37,126
37,127
37,128
37,129
37,130
37,131
37,132
37,133
37,134
37,135
37,136
37,137
37,138
37,139
37,140
37,141
37,142
37,143
37,336
37,144
37,145
37,146
37,147
37,21
37,148
37,149
37,150
37,151
37,152
37,153
37,154
37,155
37,156
37,157
37,158
37,2
37,159
37,160
37,7
37,161
37,12
37,162
37,163
37,164
37,165
37,166
37,167
37,168
37,169
37,170
37,171
37,172
37,16
37,173
37,174
37,175
38,28
38,95
38,96
38,101
38,102
38,4
38,26
38,6
38,29
38,104
38,14
38,33
38,34
38,109
38,35
38,36
38,37
38,39
38,111
38,112
38,41
38,5
38,8
38,44
38,120
38,119
38,46
38,122
38,47
38,50
38,125
38,19
38,53
38,54
38,129
38,130
38,133
38,57
38,56
38,137
38,61
38,63
38,139
38,64
38,144
38,67
38,21
38,148
38,69
38,151
38,71
38,153
38,157
38,2
38,72
38,73
38,160
38,7
38,161
38,12
38,78
38,162
38,79
38,82
38,164
38,81
38,85
38,169
38,88
38,16
38,173
38,90
38,91
39,27
39,28
39,4
39,217
39,26
39,6
39,29
39,31
39,14
39,32
39,33
39,34
39,35
39,36
39,37
39,38
39,193
39,5
39,41
39,43
39,44
39,46
39,47
39,48
39,49
39,50
39,19
39,53
39,431
39,54
39,179
39,185
39,3
39,56
39,57
39,59
39,60
39,61
39,62
39,63
39,64
39,65
39,189
39,67
39,68
39,190
39,69
39,71
39,72
39,22
39,73
39,74
39,76
39,77
39,198
39,78
39,79
39,80
39,81
39,82
39,83
39,85
39,86
39,87
39,88
39,17
39,89
39,90
39,91
39,92
39,93
39,94
39,95
39,96
39,97
39,98
39,99
39,100
39,101
39,102
39,104
39,187
39,188
39,109
39,191
39,192
39,111
39,112
39,113
39,8
39,114
39,115
39,116
39,119
39,120
39,200
39,121
39,122
39,124
39,202
39,125
39,126
39,128
39,129
39,321
39,130
39,186
39,131
39,133
39,134
39,137
39,138
39,139
39,140
39,141
39,143
39,144
39,145
39,147
39,21
39,148
39,149
39,151
39,152
39,153
39,155
39,156
39,157
39,2
39,337
39,195
39,194
39,196
39,160
39,7
39,197
39,161
39,12
39,162
39,164
39,201
39,165
39,166
39,167
39,168
39,169
39,170
39,171
39,172
39,16
39,173
39,174
40,92
40,27
40,28
40,95
40,96
40,99
40,101
40,100
40,102
40,6
40,26
40,30
40,103
40,11
40,104
40,14
40,105
40,106
40,107
40,108
40,33
40,34
40,109
40,35
40,36
40,37
40,111
40,110
40,112
40,113
40,41
40,116
40,115
40,42
40,43
40,117
40,118
40,120
40,46
40,45
40,121
40,122
40,123
40,47
40,124
40,50
40,205
40,51
40,52
40,327
40,54
40,127
40,128
40,55
40,129
40,130
40,134
40,133
40,132
40,378
40,135
40,56
40,57
40,58
40,136
40,137
40,61
40,62
40,141
40,139
40,143
40,142
40,144
40,145
40,146
40,66
40,147
40,67
40,148
40,149
40,150
40,70
40,153
40,154
40,155
40,156
40,157
40,158
40,2
40,72
40,159
40,22
40,74
40,73
40,160
40,75
40,161
40,77
40,12
40,162
40,80
40,163
40,79
40,164
40,82
40,81
40,166
40,201
40,83
40,84
40,169
40,88
40,172
40,16
40,174
40,90
40,173
40,175
40,91
41,27
41,28
41,26
41,6
41,29
41,30
41,11
41,324
41,31
41,14
41,33
41,34
41,35
41,36
41,37
41,232
41,38
41,39
41,40
41,5
41,42
41,43
41,44
41,45
41,46
41,47
41,48
41,49
41,50
41,51
41,249
41,52
41,19
41,53
41,54
41,55
41,56
41,57
41,58
41,294
41,59
41,60
41,61
41,62
41,63
41,64
41,65
41,66
41,67
41,68
41,69
41,70
41,71
41,72
41,22
41,73
41,74
41,75
41,76
41,77
41,78
41,79
41,80
41,81
41,82
41,83
41,84
41,85
41,86
41,87
41,88
41,17
41,89
41,90
41,91
41,92
41,93
41,94
41,95
41,96
41,97
41,98
41,99
41,100
41,101
41,102
41,103
41,9
41,104
41,105
41,106
41,107
41,108
41,109
41,110
41,111
41,112
41,113
41,8
41,114
41,115
41,116
41,117
41,118
41,119
41,120
41,200
41,121
41,122
41,123
41,124
41,202
41,125
41,126
41,127
41,128
41,129
41,130
41,131
41,132
41,133
41,134
41,135
41,136
41,137
41,138
41,139
41,140
41,141
41,142
41,143
41,144
41,145
41,146
41,147
41,21
41,148
41,149
41,150
41,151
41,152
41,153
41,154
41,155
41,156
41,157
41,158
41,2
41,159
41,160
41,7
41,161
41,244
41,12
41,162
41,163
41,164
41,165
41,166
41,167
41,168
41,169
41,170
41,171
41,172
41,16
41,173
41,174
41,175
42,92
42,27
42,28
42,95
42,96
42,99
42,101
42,100
42,102
42,6
42,26
42,30
42,103
42,11
42,104
42,14
42,105
42,106
42,107
42,108
42,33
42,34
42,109
42,35
42,36
42,37
42,231
42,111
42,110
42,40
42,112
42,113
42,41
42,115
42,116
42,43
42,117
42,120
42,118
42,46
42,45
42,122
42,121
42,123
42,124
42,50
42,51
42,52
42,19
42,54
42,127
42,128
42,55
42,129
42,130
42,132
42,133
42,135
42,56
42,57
42,58
42,136
42,61
42,62
42,139
42,141
42,143
42,142
42,144
42,145
42,65
42,146
42,66
42,147
42,67
42,148
42,149
42,150
42,70
42,153
42,154
42,155
42,156
42,157
42,158
42,72
42,236
42,159
42,22
42,74
42,73
42,160
42,75
42,161
42,77
42,162
42,80
42,163
42,79
42,164
42,82
42,81
42,166
42,83
42,84
42,169
42,88
42,172
42,16
42,17
42,174
42,90
42,173
42,175
42,91
43,27
43,28
43,4
43,217
43,26
43,6
43,29
43,30
43,11
43,31
43,14
43,33
43,34
43,228
43,35
43,36
43,37
43,39
43,40
43,41
43,42
43,44
43,45
43,46
43,47
43,48
43,49
43,50
43,51
43,52
43,19
43,54
43,55
43,56
43,57
43,58
43,59
43,60
43,61
43,62
43,63
43,64
43,65
43,66
43,67
43,68
43,69
43,70
43,71
43,72
43,314
43,22
43,73
43,74
43,75
43,76
43,77
43,78
43,79
43,80
43,81
43,82
43,83
43,84
43,86
43,87
43,88
43,17
43,89
43,90
43,91
43,92
43,93
43,94
43,95
43,96
43,212
43,97
43,98
43,99
43,100
43,101
43,102
43,103
43,104
43,105
43,106
43,107
43,108
43,301
43,109
43,230
43,110
43,111
43,237
43,112
43,113
43,8
43,114
43,115
43,116
43,117
43,118
43,120
43,121
43,122
43,123
43,124
43,125
43,126
43,127
43,128
43,129
43,130
43,131
43,132
43,133
43,134
43,135
43,136
43,137
43,138
43,139
43,140
43,141
43,142
43,143
43,144
43,224
43,145
43,146
43,147
43,21
43,148
43,149
43,150
43,151
43,152
43,153
43,154
43,155
43,156
43,157
43,158
43,2
43,159
43,241
43,160
43,7
43,161
43,244
43,12
43,162
43,163
43,164
43,165
43,166
43,167
43,168
43,169
43,170
43,171
43,172
43,16
43,173
43,174
43,175
44,27
44,28
44,4
44,26
44,6
44,29
44,324
44,31
44,14
44,32
44,33
44,34
44,309
44,35
44,36
44,37
44,38
44,39
44,193
44,289
44,5
44,41
44,43
44,46
44,47
44,48
44,49
44,50
44,53
44,19
44,54
44,179
44,185
44,3
44,56
44,57
44,294
44,59
44,60
44,61
44,62
44,63
44,64
44,65
44,189
44,67
44,68
44,190
44,69
44,70
44,71
44,72
44,73
44,74
44,76
44,77
44,198
44,78
44,80
44,79
44,82
44,81
44,83
44,85
44,87
44,86
44,88
44,17
44,89
44,90
44,91
44,92
44,93
44,94
44,95
44,96
44,97
44,98
44,99
44,100
44,101
44,102
44,104
44,187
44,188
44,109
44,259
44,191
44,192
44,111
44,112
44,113
44,8
44,114
44,115
44,116
44,119
44,120
44,200
44,121
44,122
44,124
44,202
44,125
44,126
44,304
44,128
44,129
44,321
44,130
44,186
44,131
44,133
44,134
44,137
44,138
44,139
44,140
44,141
44,143
44,144
44,145
44,146
44,147
44,21
44,148
44,149
44,151
44,152
44,153
44,155
44,156
44,157
44,2
44,337
44,195
44,194
44,196
44,160
44,7
44,197
44,161
44,12
44,162
44,164
44,201
44,165
44,166
44,167
44,168
44,169
44,170
44,171
44,172
44,16
44,173
44,174
45,92
45,27
45,28
45,95
45,96
45,99
45,101
45,100
45,102
45,6
45,26
45,30
45,103
45,11
45,104
45,14
45,105
45,106
45,107
45,108
45,33
45,34
45,109
45,35
45,36
45,37
45,110
45,111
45,40
45,112
45,113
45,41
45,116
45,115
45,42
45,43
45,117
45,118
45,120
45,46
45,122
45,121
45,123
45,124
45,50
45,51
45,52
45,54
45,127
45,128
45,55
45,129
45,130
45,133
45,132
45,135
45,57
45,56
45,136
45,58
45,62
45,61
45,141
45,139
45,143
45,142
45,144
45,145
45,146
45,66
45,147
45,67
45,148
45,149
45,150
45,70
45,153
45,154
45,155
45,156
45,157
45,158
45,72
45,159
45,22
45,74
45,73
45,160
45,75
45,161
45,77
45,162
45,80
45,163
45,79
45,164
45,82
45,81
45,166
45,83
45,84
45,169
45,88
45,172
45,16
45,174
45,90
45,173
45,175
45,91
46,27
46,322
46,28
46,4
46,26
46,6
46,29
46,30
46,11
46,31
46,14
46,33
46,34
46,252
46,35
46,36
46,37
46,38
46,39
46,40
46,5
46,41
46,42
46,43
46,44
46,45
46,290
46,47
46,48
46,49
46,50
46,51
46,52
46,19
46,53
46,54
46,55
46,56
46,57
46,58
46,59
46,60
46,61
46,62
46,63
46,64
46,330
46,65
46,66
46,67
46,68
46,69
46,70
46,71
46,72
46,22
46,73
46,74
46,75
46,76
46,77
46,78
46,79
46,80
46,82
46,81
46,83
46,401
46,84
46,85
46,87
46,86
46,88
46,17
46,89
46,90
46,91
46,92
46,93
46,94
46,95
46,96
46,97
46,98
46,99
46,100
46,101
46,102
46,103
46,9
46,104
46,105
46,106
46,282
46,107
46,108
46,188
46,109
46,233
46,191
46,110
46,111
46,112
46,239
46,113
46,8
46,114
46,115
46,116
46,117
46,118
46,119
46,120
46,121
46,122
46,123
46,205
46,124
46,125
46,126
46,127
46,128
46,129
46,130
46,131
46,132
46,133
46,134
46,135
46,136
46,137
46,138
46,139
46,140
46,141
46,142
46,143
46,144
46,145
46,146
46,147
46,21
46,148
46,149
46,150
46,151
46,152
46,153
46,154
46,155
46,156
46,157
46,158
46,2
46,159
46,241
46,160
46,7
46,161
46,12
46,162
46,163
46,164
46,165
46,166
46,167
46,168
46,169
46,170
46,171
46,172
46,16
46,173
46,174
46,175
47,27
47,28
47,4
47,26
47,6
47,29
47,31
47,14
47,32
47,33
47,34
47,252
47,35
47,36
47,37
47,38
47,39
47,40
47,193
47,5
47,41
47,43
47,44
47,46
47,48
47,49
47,50
47,19
47,53
47,253
47,54
47,327
47,311
47,179
47,185
47,3
47,56
47,57
47,59
47,60
47,61
47,62
47,63
47,329
47,64
47,330
47,65
47,66
47,189
47,67
47,68
47,190
47,69
47,71
47,72
47,73
47,74
47,76
47,77
47,198
47,78
47,281
47,79
47,80
47,81
47,82
47,83
47,85
47,87
47,86
47,88
47,17
47,89
47,90
47,91
47,92
47,93
47,94
47,95
47,317
47,96
47,97
47,98
47,99
47,100
47,101
47,102
47,104
47,282
47,106
47,187
47,188
47,203
47,109
47,191
47,192
47,111
47,112
47,113
47,8
47,114
47,115
47,116
47,204
47,119
47,120
47,200
47,121
47,122
47,205
47,124
47,202
47,125
47,126
47,127
47,128
47,129
47,130
47,186
47,131
47,133
47,134
47,378
47,137
47,138
47,139
47,140
47,141
47,143
47,144
47,145
47,147
47,206
47,21
47,148
47,149
47,151
47,152
47,153
47,155
47,156
47,157
47,2
47,195
47,194
47,196
47,160
47,7
47,197
47,161
47,12
47,162
47,307
47,164
47,201
47,165
47,166
47,167
47,168
47,169
47,170
47,171
47,172
47,16
47,173
47,174
48,27
48,28
48,26
48,6
48,29
48,30
48,324
48,31
48,14
48,33
48,34
48,35
48,37
48,232
48,39
48,41
48,43
48,44
48,46
48,47
48,248
48,49
48,50
48,249
48,260
48,280
48,56
48,57
48,294
48,59
48,60
48,61
48,62
48,63
48,64
48,65
48,67
48,68
48,69
48,70
48,71
48,72
48,73
48,74
48,76
48,77
48,78
48,79
48,80
48,81
48,82
48,83
48,87
48,86
48,88
48,17
48,89
48,90
48,298
48,91
48,92
48,93
48,94
48,95
48,96
48,97
48,98
48,99
48,100
48,101
48,102
48,218
48,104
48,109
48,111
48,112
48,113
48,8
48,114
48,115
48,116
48,120
48,200
48,121
48,122
48,124
48,202
48,125
48,126
48,128
48,129
48,130
48,131
48,133
48,134
48,137
48,138
48,139
48,140
48,141
48,143
48,144
48,145
48,147
48,21
48,148
48,149
48,151
48,152
48,153
48,155
48,156
48,157
48,2
48,160
48,7
48,161
48,244
48,12
48,164
48,165
48,166
48,167
48,168
48,169
48,170
48,171
48,172
48,16
48,173
48,174
49,27
49,322
49,28
49,4
49,26
49,6
49,29
49,31
49,14
49,33
49,34
49,35
49,37
49,39
49,41
49,43
49,44
49,46
49,290
49,47
49,48
49,269
49,50
49,19
49,291
49,56
49,57
49,59
49,60
49,61
49,62
49,63
49,64
49,65
49,67
49,68
49,69
49,71
49,72
49,73
49,74
49,76
49,77
49,78
49,79
49,80
49,81
49,82
49,83
49,86
49,87
49,88
49,17
49,89
49,90
49,91
49,92
49,93
49,94
49,95
49,96
49,97
49,98
49,99
49,100
49,101
49,102
49,9
49,104
49,282
49,109
49,191
49,111
49,112
49,113
49,8
49,114
49,115
49,116
49,120
49,121
49,122
49,124
49,125
49,126
49,304
49,128
49,129
49,130
49,131
49,133
49,134
49,137
49,138
49,139
49,140
49,141
49,143
49,144
49,145
49,146
49,147
49,21
49,148
49,149
49,151
49,152
49,153
49,155
49,156
49,157
49,2
49,241
49,160
49,7
49,161
49,12
49,164
49,165
49,166
49,167
49,168
49,169
49,339
49,170
49,171
49,172
49,16
49,173
49,174
50,27
50,28
50,26
50,6
50,29
50,30
50,11
50,31
50,14
50,33
50,34
50,35
50,36
50,37
50,38
50,39
50,40
50,5
50,41
50,42
50,43
50,44
50,45
50,46
50,47
50,48
50,49
50,51
50,52
50,19
50,53
50,54
50,55
50,56
50,57
50,58
50,59
50,60
50,61
50,62
50,63
50,64
50,65
50,66
50,67
50,68
50,69
50,70
50,71
50,72
50,22
50,73
50,74
50,75
50,76
50,77
50,78
50,79
50,80
50,81
50,82
50,83
50,84
50,85
50,86
50,87
50,88
50,17
50,89
50,90
50,91
50,92
50,93
50,94
50,95
50,96
50,97
50,98
50,99
50,100
50,101
50,102
50,103
50,104
50,105
50,106
50,107
50,108
50,109
50,110
50,111
50,112
50,273
50,113
50,8
50,114
50,115
50,116
50,117
50,118
50,119
50,120
50,121
50,122
50,123
50,124
50,125
50,126
50,127
50,128
50,129
50,130
50,131
50,132
50,133
50,134
50,135
50,136
50,137
50,138
50,139
50,140
50,141
50,142
50,143
50,144
50,145
50,146
50,147
50,21
50,148
50,149
50,150
50,151
50,152
50,153
50,154
50,155
50,156
50,157
50,158
50,2
50,159
50,160
50,7
50,161
50,12
50,162
50,163
50,164
50,165
50,166
50,167
50,168
50,169
50,170
50,171
50,172
50,16
50,173
50,174
50,175
51,92
51,27
51,28
51,95
51,96
51,99
51,101
51,100
51,102
51,4
51,6
51,26
51,30
51,103
51,11
51,104
51,14
51,105
51,106
51,107
51,108
51,33
51,34
51,109
51,35
51,36
51,37
51,111
51,110
51,40
51,112
51,113
51,41
51,116
51,115
51,42
51,43
51,117
51,118
51,120
51,46
51,45
51,122
51,121
51,123
51,124
51,50
51,52
51,54
51,127
51,128
51,55
51,129
51,130
51,215
51,132
51,133
51,135
51,293
51,56
51,57
51,58
51,136
51,61
51,62
51,139
51,141
51,143
51,142
51,144
51,145
51,146
51,66
51,147
51,67
51,148
51,149
51,150
51,70
51,153
51,154
51,155
51,156
51,157
51,158
51,72
51,159
51,22
51,74
51,73
51,160
51,75
51,161
51,77
51,162
51,80
51,163
51,79
51,164
51,82
51,81
51,166
51,83
51,84
51,169
51,88
51,172
51,16
51,174
51,90
51,173
51,175
51,91
52,92
52,27
52,28
52,95
52,96
52,99
52,100
52,101
52,102
52,6
52,26
52,30
52,103
52,11
52,104
52,14
52,105
52,106
52,107
52,108
52,33
52,34
52,109
52,35
52,36
52,37
52,110
52,111
52,40
52,112
52,113
52,41
52,116
52,115
52,42
52,43
52,117
52,118
52,120
52,46
52,45
52,122
52,121
52,123
52,124
52,50
52,51
52,54
52,127
52,128
52,55
52,129
52,130
52,133
52,132
52,135
52,57
52,56
52,136
52,58
52,62
52,61
52,141
52,139
52,143
52,142
52,144
52,145
52,146
52,66
52,147
52,67
52,148
52,149
52,150
52,70
52,153
52,154
52,155
52,156
52,157
52,158
52,72
52,159
52,22
52,74
52,73
52,160
52,75
52,161
52,77
52,162
52,80
52,163
52,79
52,164
52,82
52,81
52,166
52,83
52,84
52,169
52,88
52,172
52,16
52,174
52,90
52,173
52,175
52,91
53,28
53,95
53,96
53,101
53,102
53,4
53,29
53,6
53,26
53,104
53,14
53,33
53,34
53,252
53,109
53,35
53,36
53,37
53,38
53,39
53,111
53,112
53,273
53,41
53,5
53,8
53,44
53,119
53,120
53,46
53,122
53,47
53,205
53,50
53,125
53,19
53,54
53,127
53,129
53,130
53,133
53,57
53,56
53,137
53,61
53,63
53,139
53,64
53,144
53,67
53,21
53,148
53,69
53,151
53,71
53,153
53,157
53,72
53,73
53,160
53,7
53,161
53,78
53,162
53,79
53,82
53,164
53,81
53,165
53,85
53,169
53,88
53,16
53,420
53,173
53,90
53,91
54,27
54,28
54,323
54,4
54,29
54,6
54,26
54,30
54,11
54,14
54,33
54,34
54,35
54,36
54,37
54,38
54,39
54,40
54,5
54,41
54,326
54,42
54,43
54,44
54,45
54,46
54,47
54,50
54,51
54,52
54,19
54,53
54,55
54,185
54,280
54,56
54,57
54,58
54,62
54,61
54,63
54,64
54,66
54,67
54,69
54,70
54,71
54,72
54,22
54,74
54,73
54,75
54,77
54,78
54,80
54,79
54,82
54,81
54,83
54,84
54,85
54,88
54,17
54,90
54,91
54,92
54,95
54,96
54,99
54,100
54,101
54,102
54,9
54,103
54,104
54,105
54,106
54,108
54,107
54,109
54,111
54,110
54,112
54,113
54,283
54,8
54,116
54,115
54,117
54,118
54,120
54,119
54,121
54,122
54,123
54,124
54,125
54,127
54,128
54,129
54,130
54,132
54,133
54,135
54,136
54,137
54,141
54,140
54,139
54,143
54,142
54,144
54,145
54,146
54,147
54,21
54,148
54,149
54,150
54,151
54,153
54,154
54,155
54,156
54,157
54,158
54,159
54,196
54,160
54,7
54,161
54,162
54,163
54,164
54,166
54,338
54,169
54,172
54,16
54,174
54,173
54,175
55,27
55,28
55,6
55,26
55,30
55,11
55,14
55,33
55,34
55,35
55,36
55,37
55,40
55,193
55,41
55,326
55,42
55,43
55,46
55,45
55,50
55,51
55,52
55,19
55,54
55,3
55,56
55,57
55,58
55,61
55,62
55,66
55,67
55,70
55,72
55,22
55,74
55,73
55,75
55,77
55,80
55,79
55,82
55,81
55,83
55,84
55,88
55,90
55,91
55,92
55,95
55,96
55,99
55,100
55,101
55,102
55,103
55,104
55,105
55,106
55,107
55,108
55,109
55,110
55,111
55,112
55,113
55,115
55,116
55,10
55,117
55,120
55,118
55,121
55,122
55,123
55,124
55,127
55,128
55,129
55,130
55,133
55,132
55,135
55,136
55,141
55,139
55,142
55,143
55,144
55,145
55,147
55,146
55,148
55,149
55,150
55,153
55,157
55,156
55,155
55,154
55,158
55,2
55,159
55,160
55,161
55,12
55,162
55,163
55,164
55,166
55,169
55,172
55,171
55,16
55,174
55,173
55,175
56,27
56,28
56,26
56,6
56,29
56,30
56,11
56,31
56,14
56,33
56,34
56,35
56,36
56,37
56,38
56,39
56,40
56,5
56,41
56,42
56,43
56,44
56,45
56,46
56,47
56,48
56,49
56,50
56,51
56,52
56,19
56,53
56,54
56,55
56,179
56,3
56,57
56,58
56,59
56,60
56,61
56,62
56,63
56,64
56,65
56,66
56,67
56,68
56,69
56,70
56,71
56,72
56,22
56,73
56,74
56,75
56,76
56,77
56,78
56,79
56,80
56,81
56,82
56,83
56,84
56,85
56,86
56,87
56,88
56,17
56,89
56,90
56,91
56,92
56,93
56,94
56,95
56,96
56,97
56,98
56,99
56,100
56,101
56,102
56,103
56,104
56,105
56,106
56,107
56,108
56,109
56,1
56,110
56,111
56,112
56,113
56,8
56,114
56,115
56,116
56,10
56,117
56,118
56,119
56,120
56,121
56,122
56,123
56,124
56,125
56,126
56,127
56,128
56,129
56,130
56,131
56,132
56,133
56,134
56,135
56,136
56,137
56,138
56,139
56,140
56,141
56,142
56,143
56,144
56,145
56,146
56,147
56,21
56,148
56,149
56,150
56,151
56,152
56,153
56,154
56,155
56,156
56,157
56,158
56,2
56,159
56,194
56,160
56,7
56,161
56,12
56,162
56,163
56,164
56,165
56,166
56,167
56,168
56,169
56,170
56,171
56,172
56,16
56,173
56,174
56,175
57,27
57,28
57,26
57,6
57,29
57,30
57,11
57,31
57,14
57,33
57,34
57,35
57,36
57,37
57,38
57,39
57,40
57,5
57,41
57,42
57,43
57,44
57,45
57,46
57,47
57,48
57,49
57,50
57,51
57,52
57,53
57,19
57,54
57,55
57,3
57,56
57,58
57,59
57,60
57,61
57,62
57,63
57,64
57,65
57,66
57,67
57,68
57,69
57,70
57,71
57,72
57,22
57,73
57,74
57,75
57,76
57,77
57,78
57,79
57,80
57,81
57,82
57,83
57,84
57,85
57,86
57,87
57,88
57,17
57,89
57,90
57,91
57,92
57,93
57,94
57,95
57,96
57,97
57,98
57,99
57,100
57,101
57,102
57,9
57,103
57,104
57,105
57,106
57,107
57,108
57,109
57,110
57,111
57,112
57,113
57,8
57,114
57,115
57,116
57,117
57,118
57,119
57,120
57,121
57,122
57,123
57,124
57,125
57,126
57,127
57,128
57,129
57,130
57,131
57,132
57,133
57,134
57,135
57,136
57,137
57,138
57,139
57,140
57,141
57,142
57,143
57,144
57,145
57,146
57,147
57,21
57,148
57,149
57,150
57,151
57,152
57,153
57,154
57,155
57,156
57,157
57,158
57,2
57,159
57,194
57,160
57,7
57,161
57,12
57,162
57,163
57,164
57,165
57,166
57,167
57,168
57,169
57,170
57,171
57,172
57,16
57,173
57,174
57,175
58,27
58,28
58,323
58,4
58,26
58,6
58,30
58,11
58,14
58,33
58,34
58,228
58,309
58,35
58,36
58,37
58,288
58,40
58,41
58,326
58,42
58,43
58,46
58,45
58,50
58,51
58,52
58,19
58,54
58,55
58,280
58,56
58,57
58,62
58,61
58,66
58,67
58,70
58,72
58,22
58,74
58,73
58,75
58,77
58,80
58,79
58,82
58,81
58,83
58,84
58,88
58,90
58,91
58,92
58,95
58,96
58,99
58,100
58,101
58,102
58,9
58,103
58,104
58,105
58,106
58,107
58,108
58,109
58,111
58,110
58,112
58,113
58,115
58,116
58,117
58,120
58,118
58,122
58,121
58,123
58,124
58,127
58,128
58,129
58,130
58,133
58,132
58,135
58,136
58,140
58,141
58,139
58,142
58,143
58,144
58,145
58,147
58,146
58,148
58,149
58,150
58,153
58,157
58,156
58,155
58,154
58,158
58,159
58,196
58,160
58,161
58,162
58,163
58,164
58,166
58,247
58,169
58,338
58,339
58,172
58,16
58,174
58,173
58,175
59,27
59,28
59,4
59,26
59,6
59,29
59,31
59,14
59,33
59,34
59,35
59,37
59,39
59,5
59,41
59,43
59,44
59,46
59,47
59,48
59,49
59,50
59,19
59,56
59,57
59,60
59,61
59,62
59,63
59,64
59,65
59,67
59,68
59,69
59,71
59,72
59,22
59,73
59,74
59,76
59,77
59,198
59,78
59,79
59,80
59,81
59,82
59,83
59,86
59,87
59,88
59,17
59,89
59,90
59,91
59,92
59,93
59,94
59,95
59,96
59,97
59,98
59,99
59,100
59,101
59,102
59,104
59,109
59,111
59,112
59,113
59,8
59,114
59,115
59,116
59,120
59,121
59,122
59,124
59,125
59,126
59,128
59,129
59,130
59,131
59,133
59,134
59,137
59,138
59,139
59,140
59,141
59,143
59,144
59,145
59,147
59,21
59,148
59,149
59,151
59,152
59,153
59,155
59,156
59,157
59,2
59,160
59,7
59,161
59,12
59,164
59,165
59,166
59,167
59,168
59,169
59,170
59,171
59,172
59,16
59,173
59,174
60,27
60,28
60,4
60,26
60,6
60,29
60,31
60,14
60,33
60,34
60,35
60,37
60,39
60,398
60,41
60,43
60,44
60,46
60,47
60,48
60,49
60,50
60,19
60,56
60,57
60,59
60,61
60,62
60,63
60,64
60,65
60,67
60,68
60,69
60,296
60,71
60,72
60,73
60,74
60,76
60,77
60,78
60,79
60,80
60,81
60,82
60,83
60,86
60,87
60,88
60,17
60,89
60,90
60,91
60,92
60,93
60,94
60,95
60,96
60,97
60,98
60,99
60,100
60,101
60,102
60,9
60,104
60,109
60,111
60,112
60,113
60,8
60,114
60,115
60,116
60,120
60,121
60,122
60,367
60,124
60,125
60,126
60,128
60,129
60,130
60,131
60,133
60,134
60,137
60,138
60,139
60,140
60,141
60,143
60,144
60,145
60,147
60,21
60,148
60,149
60,151
60,152
60,153
60,155
60,156
60,157
60,2
60,160
60,7
60,161
60,12
60,245
60,164
60,165
60,166
60,167
60,168
60,169
60,170
60,171
60,172
60,16
60,173
60,174
61,27
61,28
61,26
61,6
61,29
61,30
61,11
61,324
61,31
61,14
61,33
61,34
61,309
61,35
61,36
61,37
61,38
61,39
61,40
61,5
61,41
61,42
61,43
61,44
61,45
61,46
61,47
61,48
61,49
61,50
61,51
61,52
61,19
61,53
61,54
61,55
61,56
61,57
61,58
61,294
61,59
61,60
61,62
61,63
61,64
61,65
61,66
61,67
61,68
61,69
61,70
61,71
61,72
61,22
61,73
61,74
61,75
61,76
61,77
61,78
61,79
61,80
61,81
61,82
61,83
61,84
61,85
61,86
61,87
61,88
61,17
61,89
61,90
61,91
61,92
61,93
61,94
61,95
61,96
61,97
61,98
61,99
61,100
61,101
61,102
61,103
61,104
61,105
61,106
61,107
61,108
61,109
61,110
61,111
61,112
61,113
61,8
61,114
61,115
61,116
61,117
61,118
61,119
61,120
61,200
61,121
61,122
61,123
61,124
61,202
61,125
61,126
61,127
61,128
61,129
61,130
61,131
61,132
61,133
61,134
61,135
61,136
61,137
61,138
61,139
61,140
61,141
61,142
61,143
61,144
61,145
61,146
61,147
61,21
61,148
61,149
61,150
61,151
61,152
61,153
61,154
61,155
61,156
61,157
61,158
61,2
61,159
61,160
61,7
61,161
61,12
61,162
61,163
61,164
61,165
61,166
61,167
61,168
61,169
61,339
61,170
61,171
61,172
61,16
61,173
61,174
61,175
62,27
62,28
62,26
62,6
62,29
62,30
62,11
62,31
62,14
62,33
62,34
62,362
62,35
62,36
62,37
62,39
62,40
62,41
62,42
62,43
62,44
62,45
62,46
62,47
62,48
62,49
62,50
62,51
62,52
62,54
62,55
62,56
62,57
62,58
62,59
62,60
62,61
62,63
62,64
62,65
62,66
62,67
62,68
62,69
62,70
62,71
62,72
62,382
62,22
62,73
62,74
62,75
62,76
62,77
62,78
62,79
62,80
62,81
62,82
62,83
62,84
62,86
62,87
62,88
62,17
62,89
62,90
62,91
62,92
62,93
62,94
62,95
62,96
62,97
62,98
62,99
62,100
62,101
62,102
62,103
62,104
62,105
62,106
62,107
62,108
62,109
62,110
62,111
62,112
62,113
62,8
62,114
62,115
62,116
62,117
62,118
62,120
62,121
62,122
62,123
62,124
62,125
62,126
62,127
62,128
62,129
62,130
62,131
62,132
62,133
62,134
62,135
62,136
62,137
62,138
62,139
62,140
62,141
62,142
62,143
62,144
62,145
62,146
62,147
62,21
62,148
62,149
62,150
62,151
62,152
62,153
62,154
62,155
62,156
62,157
62,158
62,2
62,159
62,160
62,7
62,161
62,12
62,162
62,163
62,164
62,201
62,165
62,166
62,167
62,168
62,169
62,170
62,171
62,172
62,16
62,173
62,174
62,175
63,27
63,28
63,26
63,6
63,29
63,11
63,31
63,14
63,33
63,34
63,35
63,36
63,37
63,38
63,39
63,5
63,41
63,43
63,44
63,46
63,47
63,48
63,49
63,50
63,19
63,53
63,54
63,179
63,3
63,56
63,57
63,59
63,60
63,61
63,62
63,64
63,65
63,67
63,68
63,69
63,71
63,72
63,73
63,74
63,76
63,77
63,78
63,79
63,80
63,81
63,82
63,83
63,85
63,86
63,87
63,88
63,17
63,89
63,90
63,91
63,92
63,93
63,94
63,95
63,96
63,97
63,98
63,99
63,100
63,101
63,102
63,104
63,109
63,111
63,112
63,113
63,8
63,114
63,115
63,116
63,10
63,119
63,120
63,121
63,122
63,124
63,125
63,126
63,128
63,129
63,130
63,131
63,133
63,134
63,137
63,138
63,139
63,140
63,141
63,143
63,144
63,145
63,147
63,21
63,148
63,149
63,151
63,152
63,153
63,155
63,156
63,157
63,158
63,2
63,194
63,160
63,7
63,161
63,12
63,162
63,164
63,165
63,166
63,167
63,168
63,169
63,170
63,171
63,172
63,16
63,173
63,174
64,27
64,28
64,4
64,26
64,6
64,29
64,31
64,14
64,33
64,34
64,252
64,309
64,35
64,36
64,37
64,38
64,39
64,289
64,5
64,41
64,43
64,44
64,46
64,290
64,47
64,48
64,269
64,49
64,50
64,53
64,19
64,54
64,56
64,57
64,59
64,60
64,61
64,62
64,63
64,65
64,67
64,68
64,69
64,71
64,72
64,73
64,74
64,76
64,77
64,78
64,79
64,80
64,81
64,82
64,83
64,85
64,86
64,87
64,88
64,17
64,89
64,90
64,91
64,92
64,93
64,94
64,95
64,96
64,97
64,98
64,99
64,100
64,101
64,102
64,9
64,104
64,109
64,111
64,112
64,113
64,8
64,114
64,115
64,116
64,119
64,120
64,121
64,122
64,205
64,124
64,125
64,126
64,304
64,128
64,129
64,130
64,131
64,133
64,134
64,137
64,138
64,139
64,140
64,141
64,143
64,144
64,145
64,147
64,21
64,148
64,149
64,151
64,152
64,153
64,155
64,156
64,157
64,2
64,160
64,7
64,161
64,12
64,245
64,162
64,164
64,165
64,166
64,167
64,168
64,169
64,170
64,171
64,172
64,16
64,173
64,174
65,27
65,28
65,4
65,26
65,6
65,29
65,31
65,14
65,33
65,34
65,309
65,35
65,424
65,231
65,37
65,39
65,41
65,42
65,43
65,44
65,46
65,290
65,47
65,48
65,49
65,50
65,19
65,255
65,56
65,57
65,59
65,60
65,61
65,62
65,63
65,64
65,67
65,68
65,69
65,71
65,72
65,73
65,74
65,76
65,77
65,78
65,79
65,80
65,81
65,82
65,83
65,86
65,87
65,88
65,17
65,89
65,90
65,298
65,91
65,92
65,316
65,93
65,94
65,95
65,96
65,97
65,98
65,99
65,100
65,101
65,102
65,103
65,104
65,109
65,111
65,112
65,113
65,8
65,114
65,115
65,116
65,118
65,120
65,121
65,122
65,124
65,125
65,126
65,284
65,128
65,129
65,130
65,131
65,133
65,134
65,137
65,138
65,139
65,140
65,141
65,143
65,144
65,145
65,147
65,21
65,148
65,149
65,151
65,152
65,153
65,155
65,156
65,157
65,2
65,236
65,275
65,194
65,160
65,7
65,161
65,12
65,245
65,164
65,165
65,166
65,167
65,168
65,169
65,170
65,171
65,172
65,16
65,173
65,174
66,27
66,28
66,6
66,26
66,30
66,11
66,14
66,33
66,34
66,35
66,36
66,37
66,40
66,41
66,5
66,42
66,43
66,46
66,45
66,47
66,50
66,51
66,19
66,52
66,342
66,54
66,55
66,3
66,293
66,56
66,57
66,58
66,61
66,62
66,67
66,70
66,72
66,22
66,74
66,73
66,75
66,77
66,80
66,79
66,82
66,81
66,83
66,84
66,88
66,90
66,91
66,92
66,95
66,96
66,99
66,100
66,101
66,102
66,103
66,104
66,105
66,106
66,108
66,107
66,109
66,230
66,110
66,111
66,112
66,113
66,114
66,115
66,116
66,10
66,117
66,120
66,118
66,121
66,122
66,123
66,124
66,127
66,128
66,129
66,130
66,133
66,132
66,135
66,136
66,141
66,139
66,142
66,143
66,144
66,145
66,147
66,146
66,148
66,149
66,150
66,153
66,157
66,156
66,155
66,154
66,158
66,2
66,159
66,160
66,161
66,12
66,162
66,163
66,164
66,201
66,166
66,169
66,171
66,172
66,16
66,173
66,174
66,175
67,27
67,28
67,26
67,6
67,29
67,30
67,11
67,31
67,14
67,33
67,34
67,35
67,36
67,37
67,38
67,39
67,40
67,5
67,41
67,326
67,42
67,43
67,44
67,45
67,46
67,47
67,48
67,49
67,50
67,51
67,52
67,19
67,53
67,279
67,54
67,55
67,56
67,57
67,58
67,59
67,60
67,61
67,62
67,63
67,64
67,65
67,66
67,68
67,69
67,70
67,71
67,72
67,22
67,73
67,74
67,75
67,76
67,77
67,78
67,79
67,80
67,81
67,82
67,83
67,84
67,85
67,86
67,87
67,88
67,17
67,89
67,90
67,91
67,92
67,93
67,94
67,95
67,96
67,97
67,98
67,99
67,100
67,101
67,102
67,103
67,104
67,105
67,106
67,107
67,108
67,109
67,110
67,111
67,112
67,113
67,8
67,114
67,115
67,116
67,117
67,118
67,119
67,120
67,121
67,122
67,123
67,124
67,125
67,126
67,127
67,128
67,129
67,130
67,131
67,132
67,133
67,134
67,135
67,136
67,137
67,138
67,139
67,140
67,141
67,142
67,143
67,144
67,145
67,146
67,147
67,21
67,148
67,149
67,150
67,151
67,152
67,153
67,154
67,155
67,156
67,157
67,158
67,2
67,159
67,196
67,160
67,7
67,161
67,12
67,162
67,163
67,164
67,165
67,166
67,167
67,168
67,338
67,169
67,170
67,171
67,172
67,16
67,173
67,174
67,175
68,27
68,208
68,28
68,211
68,217
68,26
68,6
68,29
68,178
68,220
68,31
68,14
68,33
68,34
68,228
68,35
68,229
68,231
68,207
68,37
68,232
68,234
68,39
68,240
68,41
68,326
68,43
68,44
68,46
68,246
68,47
68,48
68,248
68,49
68,50
68,249
68,19
68,209
68,210
68,216
68,56
68,57
68,59
68,60
68,61
68,62
68,63
68,222
68,64
68,225
68,65
68,67
68,69
68,71
68,72
68,73
68,74
68,76
68,77
68,199
68,78
68,79
68,80
68,81
68,82
68,83
68,86
68,87
68,88
68,17
68,89
68,18
68,90
68,91
68,92
68,93
68,94
68,95
68,96
68,212
68,213
68,97
68,98
68,99
68,100
68,101
68,102
68,218
68,219
68,104
68,223
68,226
68,109
68,230
68,233
68,111
68,235
68,237
68,112
68,239
68,113
68,8
68,114
68,243
68,115
68,116
68,120
68,121
68,122
68,124
68,250
68,125
68,126
68,128
68,129
68,214
68,130
68,215
68,131
68,133
68,134
68,137
68,221
68,138
68,139
68,140
68,141
68,143
68,144
68,224
68,145
68,147
68,21
68,148
68,227
68,149
68,151
68,152
68,153
68,155
68,156
68,157
68,2
68,236
68,238
68,241
68,160
68,7
68,242
68,161
68,244
68,12
68,245
68,164
68,165
68,166
68,167
68,247
68,168
68,169
68,170
68,171
68,172
68,16
68,173
68,174
68,251
69,27
69,28
69,4
69,26
69,6
69,29
69,31
69,14
69,33
69,34
69,252
69,35
69,36
69,277
69,37
69,38
69,39
69,5
69,41
69,43
69,44
69,46
69,47
69,48
69,49
69,50
69,53
69,19
69,54
69,56
69,57
69,59
69,60
69,61
69,62
69,63
69,64
69,65
69,67
69,68
69,71
69,72
69,73
69,74
69,76
69,77
69,78
69,79
69,80
69,81
69,82
69,83
69,85
69,86
69,87
69,88
69,17
69,89
69,90
69,91
69,92
69,93
69,94
69,331
69,95
69,96
69,97
69,98
69,99
69,100
69,101
69,102
69,104
69,109
69,111
69,112
69,113
69,8
69,114
69,115
69,116
69,119
69,120
69,121
69,122
69,124
69,125
69,126
69,128
69,129
69,130
69,131
69,133
69,134
69,137
69,138
69,139
69,140
69,141
69,143
69,144
69,145
69,147
69,21
69,148
69,149
69,151
69,306
69,152
69,153
69,155
69,156
69,157
69,2
69,160
69,7
69,161
69,12
69,162
69,164
69,165
69,166
69,167
69,168
69,169
69,170
69,171
69,172
69,16
69,173
69,174
70,27
70,28
70,4
70,6
70,26
70,30
70,11
70,324
70,14
70,33
70,34
70,35
70,36
70,37
70,40
70,41
70,42
70,43
70,44
70,46
70,45
70,48
70,248
70,50
70,51
70,249
70,52
70,19
70,54
70,55
70,56
70,57
70,58
70,294
70,62
70,61
70,66
70,67
70,72
70,22
70,74
70,73
70,75
70,77
70,80
70,79
70,82
70,81
70,83
70,84
70,88
70,90
70,91
70,92
70,94
70,95
70,96
70,99
70,100
70,101
70,102
70,218
70,103
70,104
70,105
70,106
70,108
70,107
70,109
70,303
70,110
70,111
70,112
70,113
70,115
70,116
70,117
70,120
70,118
70,200
70,122
70,121
70,123
70,124
70,202
70,127
70,128
70,129
70,130
70,133
70,132
70,135
70,136
70,141
70,139
70,142
70,143
70,144
70,145
70,147
70,146
70,148
70,149
70,150
70,153
70,157
70,156
70,155
70,154
70,158
70,159
70,160
70,161
70,162
70,163
70,164
70,166
70,165
70,169
70,172
70,16
70,173
70,174
70,175
71,27
71,28
71,26
71,6
71,29
71,11
71,31
71,14
71,33
71,34
71,35
71,36
71,37
71,38
71,39
71,5
71,41
71,43
71,44
71,46
71,47
71,48
71,49
71,50
71,53
71,19
71,54
71,3
71,56
71,57
71,59
71,60
71,61
71,62
71,63
71,64
71,65
71,67
71,68
71,69
71,72
71,73
71,74
71,76
71,77
71,78
71,79
71,80
71,81
71,82
71,83
71,85
71,86
71,87
71,88
71,17
71,89
71,90
71,91
71,92
71,93
71,94
71,95
71,96
71,97
71,98
71,99
71,100
71,101
71,102
71,104
71,109
71,111
71,112
71,113
71,8
71,114
71,115
71,116
71,119
71,120
71,121
71,122
71,124
71,125
71,126
71,128
71,129
71,130
71,131
71,133
71,134
71,137
71,138
71,139
71,140
71,141
71,143
71,144
71,145
71,147
71,21
71,148
71,149
71,151
71,152
71,153
71,155
71,156
71,157
71,2
71,194
71,160
71,7
71,161
71,12
71,162
71,164
71,165
71,166
71,167
71,168
71,169
71,170
71,171
71,172
71,16
71,173
71,174
72,27
72,28
72,26
72,6
72,29
72,30
72,11
72,31
72,14
72,33
72,34
72,309
72,35
72,36
72,37
72,38
72,39
72,40
72,5
72,41
72,42
72,43
72,44
72,45
72,46
72,47
72,48
72,49
72,50
72,51
72,52
72,19
72,53
72,54
72,55
72,56
72,57
72,58
72,59
72,60
72,61
72,62
72,63
72,64
72,65
72,66
72,67
72,68
72,69
72,70
72,71
72,22
72,73
72,74
72,75
72,76
72,77
72,78
72,79
72,80
72,81
72,82
72,83
72,84
72,85
72,86
72,87
72,88
72,17
72,89
72,90
72,91
72,92
72,93
72,94
72,95
72,96
72,97
72,98
72,99
72,100
72,101
72,102
72,103
72,104
72,105
72,106
72,107
72,108
72,109
72,110
72,111
72,112
72,113
72,8
72,114
72,115
72,116
72,117
72,118
72,119
72,120
72,121
72,122
72,123
72,124
72,125
72,126
72,127
72,128
72,129
72,130
72,131
72,132
72,133
72,134
72,135
72,136
72,137
72,138
72,139
72,140
72,141
72,142
72,143
72,144
72,145
72,146
72,147
72,21
72,148
72,149
72,150
72,151
72,152
72,153
72,154
72,155
72,156
72,157
72,158
72,2
72,159
72,160
72,7
72,161
72,12
72,162
72,163
72,164
72,165
72,166
72,167
72,168
72,169
72,339
72,170
72,171
72,172
72,16
72,173
72,174
72,175
73,27
73,28
73,217
73,29
73,6
73,26
73,30
73,11
73,31
73,14
73,33
73,34
73,35
73,36
73,37
73,38
73,39
73,40
73,5
73,41
73,42
73,43
73,44
73,45
73,46
73,47
73,48
73,269
73,49
73,50
73,51
73,52
73,53
73,19
73,253
73,54
73,55
73,210
73,216
73,56
73,57
73,58
73,59
73,60
73,61
73,62
73,63
73,64
73,65
73,66
73,67
73,68
73,69
73,70
73,71
73,72
73,22
73,74
73,75
73,76
73,77
73,78
73,80
73,79
73,82
73,81
73,83
73,84
73,85
73,87
73,86
73,88
73,420
73,17
73,89
73,90
73,91
73,92
73,93
73,94
73,95
73,96
73,213
73,97
73,98
73,99
73,100
73,101
73,102
73,103
73,9
73,104
73,105
73,106
73,107
73,108
73,109
73,110
73,111
73,112
73,113
73,8
73,114
73,115
73,116
73,117
73,118
73,119
73,120
73,121
73,122
73,123
73,205
73,124
73,125
73,126
73,127
73,128
73,129
73,130
73,131
73,132
73,133
73,134
73,135
73,136
73,137
73,138
73,139
73,140
73,141
73,142
73,143
73,144
73,145
73,146
73,147
73,21
73,148
73,149
73,150
73,151
73,152
73,153
73,154
73,155
73,156
73,157
73,158
73,2
73,159
73,337
73,160
73,7
73,161
73,12
73,162
73,245
73,163
73,164
73,165
73,166
73,167
73,168
73,169
73,170
73,171
73,172
73,16
73,173
73,174
73,175
74,27
74,28
74,4
74,26
74,6
74,29
74,30
74,11
74,31
74,14
74,33
74,34
74,35
74,36
74,37
74,39
74,40
74,41
74,42
74,43
74,44
74,45
74,46
74,47
74,48
74,49
74,50
74,51
74,52
74,19
74,54
74,55
74,56
74,57
74,58
74,59
74,60
74,61
74,62
74,63
74,64
74,65
74,66
74,67
74,68
74,69
74,70
74,71
74,72
74,22
74,73
74,75
74,76
74,77
74,78
74,297
74,79
74,80
74,81
74,82
74,83
74,84
74,86
74,87
74,88
74,17
74,89
74,90
74,91
74,92
74,93
74,94
74,95
74,96
74,97
74,98
74,99
74,100
74,101
74,102
74,103
74,104
74,105
74,400
74,106
74,107
74,108
74,109
74,110
74,111
74,112
74,113
74,8
74,114
74,115
74,116
74,117
74,118
74,120
74,121
74,122
74,123
74,124
74,125
74,126
74,127
74,128
74,129
74,399
74,214
74,130
74,131
74,132
74,133
74,134
74,135
74,136
74,137
74,138
74,139
74,140
74,141
74,142
74,143
74,144
74,145
74,146
74,147
74,21
74,148
74,149
74,150
74,305
74,151
74,152
74,153
74,154
74,155
74,156
74,157
74,158
74,2
74,159
74,160
74,7
74,161
74,12
74,162
74,163
74,164
74,165
74,166
74,167
74,168
74,169
74,170
74,171
74,172
74,16
74,173
74,174
74,175
75,27
75,28
75,6
75,26
75,30
75,11
75,14
75,33
75,34
75,35
75,36
75,37
75,40
75,41
75,42
75,43
75,46
75,45
75,50
75,51
75,52
75,19
75,54
75,55
75,3
75,56
75,57
75,58
75,61
75,62
75,312
75,66
75,67
75,70
75,72
75,22
75,74
75,73
75,77
75,80
75,79
75,82
75,81
75,83
75,84
75,88
75,17
75,90
75,91
75,92
75,95
75,96
75,99
75,100
75,101
75,102
75,103
75,104
75,105
75,106
75,107
75,108
75,109
75,110
75,111
75,112
75,113
75,115
75,116
75,10
75,117
75,120
75,118
75,121
75,122
75,123
75,124
75,127
75,128
75,129
75,130
75,133
75,132
75,135
75,136
75,141
75,139
75,142
75,143
75,144
75,145
75,147
75,146
75,148
75,149
75,150
75,153
75,157
75,156
75,155
75,154
75,158
75,2
75,159
75,160
75,161
75,12
75,162
75,163
75,164
75,166
75,169
75,172
75,171
75,16
75,174
75,173
75,175
76,27
76,28
76,26
76,6
76,29
76,31
76,14
76,32
76,33
76,34
76,35
76,37
76,39
76,193
76,5
76,41
76,43
76,44
76,46
76,47
76,48
76,49
76,50
76,179
76,185
76,3
76,56
76,57
76,59
76,60
76,61
76,62
76,63
76,64
76,65
76,189
76,67
76,68
76,190
76,69
76,71
76,72
76,73
76,74
76,77
76,198
76,78
76,79
76,80
76,81
76,82
76,83
76,86
76,87
76,88
76,17
76,89
76,90
76,91
76,92
76,93
76,94
76,95
76,96
76,97
76,98
76,99
76,100
76,101
76,102
76,104
76,187
76,188
76,109
76,191
76,192
76,111
76,112
76,113
76,8
76,114
76,115
76,116
76,119
76,120
76,200
76,121
76,122
76,124
76,202
76,125
76,126
76,128
76,129
76,130
76,186
76,131
76,133
76,134
76,137
76,138
76,139
76,140
76,141
76,143
76,144
76,145
76,147
76,21
76,148
76,149
76,151
76,152
76,153
76,155
76,156
76,157
76,2
76,195
76,194
76,196
76,160
76,7
76,197
76,161
76,12
76,164
76,201
76,165
76,166
76,167
76,168
76,169
76,170
76,171
76,172
76,16
76,173
76,174
77,27
77,28
77,4
77,26
77,6
77,29
77,30
77,11
77,31
77,14
77,32
77,33
77,34
77,35
77,36
77,231
77,37
77,39
77,40
77,41
77,42
77,43
77,44
77,45
77,46
77,47
77,48
77,49
77,50
77,51
77,52
77,19
77,54
77,55
77,56
77,57
77,58
77,59
77,60
77,61
77,62
77,63
77,64
77,65
77,66
77,67
77,68
77,69
77,70
77,71
77,72
77,22
77,73
77,74
77,75
77,76
77,78
77,80
77,79
77,82
77,81
77,83
77,84
77,87
77,86
77,88
77,17
77,89
77,90
77,298
77,91
77,427
77,92
77,93
77,94
77,95
77,96
77,97
77,98
77,99
77,100
77,101
77,102
77,103
77,104
77,105
77,106
77,107
77,108
77,109
77,303
77,110
77,111
77,112
77,113
77,8
77,114
77,115
77,116
77,117
77,118
77,120
77,121
77,122
77,123
77,124
77,125
77,126
77,127
77,128
77,129
77,130
77,131
77,132
77,133
77,134
77,135
77,136
77,137
77,138
77,139
77,140
77,141
77,142
77,143
77,144
77,145
77,146
77,147
77,21
77,148
77,149
77,150
77,151
77,152
77,153
77,154
77,155
77,156
77,157
77,158
77,2
77,236
77,159
77,196
77,160
77,7
77,161
77,12
77,162
77,163
77,164
77,165
77,166
77,167
77,168
77,338
77,169
77,170
77,171
77,172
77,16
77,173
77,174
77,175
78,27
78,208
78,28
78,211
78,217
78,26
78,6
78,29
78,178
78,220
78,31
78,14
78,33
78,34
78,228
78,35
78,229
78,36
78,231
78,207
78,37
78,232
78,38
78,234
78,39
78,240
78,5
78,41
78,43
78,44
78,46
78,246
78,47
78,48
78,248
78,49
78,50
78,249
78,53
78,19
78,54
78,209
78,210
78,216
78,56
78,57
78,59
78,60
78,61
78,62
78,63
78,222
78,64
78,225
78,65
78,67
78,68
78,69
78,71
78,72
78,73
78,74
78,76
78,77
78,198
78,199
78,79
78,80
78,81
78,82
78,83
78,85
78,86
78,87
78,88
78,17
78,89
78,18
78,90
78,91
78,92
78,93
78,94
78,95
78,96
78,212
78,213
78,97
78,98
78,99
78,100
78,101
78,102
78,218
78,219
78,9
78,104
78,223
78,226
78,109
78,230
78,233
78,111
78,235
78,237
78,112
78,239
78,113
78,8
78,114
78,243
78,115
78,116
78,119
78,120
78,121
78,122
78,124
78,250
78,125
78,126
78,128
78,129
78,214
78,130
78,215
78,131
78,133
78,134
78,137
78,221
78,138
78,139
78,140
78,141
78,143
78,144
78,224
78,145
78,147
78,21
78,148
78,227
78,149
78,151
78,152
78,153
78,155
78,156
78,157
78,2
78,236
78,238
78,241
78,160
78,7
78,242
78,161
78,244
78,12
78,162
78,245
78,164
78,165
78,166
78,167
78,247
78,168
78,169
78,170
78,171
78,172
78,16
78,173
78,174
78,251
79,27
79,28
79,364
79,26
79,6
79,29
79,30
79,11
79,31
79,14
79,33
79,34
79,309
79,35
79,36
79,365
79,37
79,38
79,39
79,40
79,5
79,41
79,42
79,43
79,44
79,366
79,45
79,46
79,47
79,48
79,49
79,50
79,51
79,52
79,53
79,19
79,54
79,327
79,55
79,292
79,56
79,57
79,58
79,59
79,60
79,61
79,62
79,63
79,64
79,65
79,66
79,67
79,68
79,69
79,70
79,71
79,72
79,22
79,73
79,74
79,75
79,76
79,77
79,78
79,80
79,82
79,81
79,83
79,84
79,85
79,87
79,86
79,88
79,17
79,89
79,90
79,91
79,92
79,93
79,94
79,95
79,96
79,97
79,98
79,99
79,100
79,101
79,102
79,103
79,104
79,105
79,106
79,107
79,108
79,109
79,233
79,110
79,111
79,237
79,112
79,113
79,8
79,114
79,115
79,116
79,117
79,118
79,119
79,120
79,121
79,122
79,123
79,205
79,333
79,124
79,125
79,126
79,127
79,128
79,129
79,130
79,215
79,131
79,132
79,133
79,134
79,135
79,378
79,136
79,137
79,138
79,139
79,140
79,141
79,142
79,143
79,144
79,145
79,146
79,147
79,21
79,148
79,149
79,150
79,151
79,152
79,153
79,154
79,155
79,156
79,157
79,158
79,2
79,159
79,160
79,7
79,161
79,12
79,162
79,163
79,164
79,201
79,165
79,166
79,167
79,168
79,169
79,339
79,170
79,171
79,172
79,16
79,173
79,174
79,175
80,27
80,28
80,4
80,26
80,6
80,29
80,30
80,11
80,31
80,14
80,33
80,34
80,309
80,35
80,36
80,37
80,39
80,40
80,289
80,41
80,42
80,43
80,44
80,45
80,46
80,47
80,48
80,49
80,50
80,51
80,52
80,19
80,54
80,55
80,56
80,57
80,58
80,59
80,60
80,61
80,62
80,63
80,64
80,65
80,66
80,67
80,68
80,69
80,70
80,71
80,72
80,22
80,73
80,74
80,75
80,76
80,77
80,78
80,297
80,79
80,82
80,81
80,83
80,84
80,87
80,86
80,88
80,17
80,89
80,90
80,91
80,92
80,93
80,94
80,95
80,96
80,97
80,98
80,99
80,100
80,101
80,102
80,103
80,104
80,105
80,106
80,107
80,108
80,109
80,110
80,111
80,112
80,113
80,8
80,114
80,115
80,116
80,117
80,118
80,120
80,121
80,122
80,123
80,124
80,125
80,126
80,127
80,128
80,129
80,130
80,131
80,132
80,133
80,134
80,135
80,136
80,137
80,138
80,139
80,140
80,141
80,142
80,143
80,144
80,145
80,146
80,147
80,21
80,148
80,149
80,150
80,151
80,152
80,153
80,154
80,155
80,156
80,157
80,158
80,2
80,159
80,160
80,7
80,161
80,12
80,162
80,163
80,164
80,165
80,166
80,167
80,168
80,169
80,339
80,170
80,171
80,172
80,16
80,173
80,174
80,175
81,27
81,28
81,26
81,6
81,29
81,30
81,11
81,31
81,14
81,33
81,34
81,35
81,36
81,37
81,38
81,39
81,40
81,5
81,41
81,42
81,43
81,44
81,45
81,46
81,47
81,48
81,248
81,49
81,50
81,51
81,52
81,53
81,19
81,253
81,54
81,327
81,55
81,56
81,57
81,58
81,59
81,60
81,61
81,62
81,63
81,64
81,65
81,66
81,67
81,68
81,69
81,70
81,71
81,72
81,22
81,73
81,74
81,75
81,76
81,77
81,78
81,80
81,79
81,82
81,83
81,84
81,85
81,87
81,86
81,88
81,17
81,89
81,90
81,298
81,91
81,92
81,93
81,94
81,95
81,96
81,97
81,98
81,99
81,100
81,101
81,102
81,103
81,104
81,105
81,106
81,107
81,108
81,109
81,233
81,191
81,110
81,111
81,112
81,113
81,8
81,114
81,115
81,116
81,117
81,118
81,119
81,120
81,121
81,122
81,123
81,205
81,124
81,125
81,126
81,127
81,128
81,129
81,130
81,131
81,132
81,133
81,134
81,135
81,378
81,136
81,137
81,138
81,139
81,140
81,141
81,142
81,143
81,144
81,145
81,146
81,147
81,21
81,148
81,149
81,150
81,151
81,152
81,153
81,154
81,155
81,156
81,157
81,158
81,2
81,159
81,160
81,7
81,161
81,12
81,162
81,163
81,164
81,201
81,165
81,166
81,167
81,168
81,169
81,170
81,171
81,172
81,16
81,173
81,174
81,175
82,27
82,28
82,4
82,26
82,6
82,29
82,30
82,11
82,31
82,14
82,33
82,34
82,35
82,36
82,277
82,37
82,38
82,39
82,40
82,5
82,41
82,42
82,43
82,44
82,45
82,46
82,47
82,48
82,49
82,50
82,51
82,52
82,53
82,19
82,54
82,311
82,55
82,56
82,57
82,58
82,59
82,60
82,61
82,62
82,63
82,64
82,65
82,66
82,67
82,68
82,69
82,296
82,70
82,71
82,72
82,22
82,73
82,74
82,75
82,76
82,77
82,315
82,78
82,80
82,79
82,81
82,83
82,84
82,85
82,87
82,86
82,88
82,17
82,89
82,90
82,91
82,92
82,93
82,94
82,95
82,96
82,97
82,98
82,99
82,100
82,101
82,102
82,103
82,104
82,105
82,106
82,107
82,108
82,109
82,110
82,111
82,112
82,113
82,8
82,114
82,115
82,116
82,117
82,118
82,119
82,120
82,121
82,122
82,123
82,124
82,125
82,126
82,127
82,128
82,129
82,130
82,131
82,132
82,133
82,134
82,135
82,136
82,137
82,221
82,138
82,139
82,140
82,141
82,142
82,143
82,144
82,145
82,146
82,147
82,21
82,148
82,149
82,150
82,151
82,152
82,153
82,154
82,155
82,156
82,157
82,158
82,2
82,159
82,160
82,7
82,161
82,12
82,162
82,163
82,164
82,165
82,166
82,167
82,247
82,168
82,169
82,170
82,171
82,172
82,16
82,287
82,173
82,174
82,175
83,27
83,322
83,28
83,4
83,26
83,6
83,29
83,30
83,11
83,31
83,14
83,33
83,34
83,35
83,36
83,37
83,232
83,39
83,40
83,41
83,42
83,43
83,44
83,45
83,46
83,47
83,48
83,49
83,50
83,51
83,52
83,19
83,54
83,55
83,280
83,216
83,56
83,57
83,58
83,59
83,60
83,61
83,62
83,63
83,64
83,65
83,66
83,67
83,68
83,69
83,70
83,71
83,72
83,22
83,73
83,74
83,75
83,76
83,77
83,78
83,80
83,79
83,82
83,81
83,84
83,87
83,86
83,88
83,17
83,89
83,90
83,91
83,92
83,93
83,94
83,95
83,96
83,97
83,98
83,99
83,100
83,101
83,102
83,103
83,9
83,104
83,105
83,106
83,107
83,108
83,188
83,109
83,191
83,110
83,111
83,112
83,113
83,8
83,114
83,115
83,116
83,117
83,118
83,120
83,121
83,122
83,123
83,124
83,202
83,125
83,126
83,127
83,128
83,129
83,130
83,131
83,132
83,133
83,134
83,135
83,264
83,136
83,137
83,138
83,139
83,140
83,141
83,142
83,143
83,144
83,145
83,146
83,147
83,21
83,148
83,149
83,150
83,151
83,152
83,153
83,154
83,155
83,156
83,157
83,158
83,2
83,159
83,238
83,195
83,160
83,7
83,161
83,12
83,162
83,163
83,164
83,165
83,166
83,167
83,168
83,169
83,170
83,171
83,172
83,16
83,173
83,174
83,175
84,92
84,27
84,28
84,95
84,96
84,99
84,100
84,101
84,102
84,6
84,26
84,30
84,103
84,11
84,104
84,14
84,105
84,106
84,107
84,108
84,33
84,34
84,109
84,35
84,36
84,37
84,110
84,111
84,40
84,112
84,113
84,41
84,116
84,115
84,42
84,43
84,117
84,118
84,120
84,46
84,45
84,122
84,121
84,123
84,124
84,50
84,51
84,52
84,54
84,127
84,128
84,55
84,129
84,130
84,133
84,132
84,135
84,57
84,56
84,136
84,58
84,62
84,61
84,141
84,139
84,143
84,142
84,144
84,145
84,146
84,66
84,147
84,67
84,148
84,149
84,150
84,70
84,153
84,154
84,155
84,156
84,157
84,158
84,72
84,159
84,22
84,74
84,73
84,160
84,75
84,161
84,77
84,162
84,80
84,163
84,79
84,164
84,82
84,81
84,166
84,83
84,169
84,88
84,172
84,16
84,174
84,90
84,173
84,175
84,91
85,28
85,95
85,96
85,101
85,102
85,29
85,6
85,26
85,11
85,104
85,14
85,33
85,34
85,109
85,35
85,36
85,37
85,38
85,39
85,111
85,112
85,41
85,5
85,8
85,44
85,10
85,117
85,119
85,120
85,46
85,122
85,47
85,50
85,125
85,19
85,53
85,54
85,128
85,179
85,129
85,3
85,130
85,133
85,57
85,56
85,137
85,61
85,63
85,139
85,64
85,144
85,21
85,67
85,148
85,69
85,151
85,71
85,153
85,157
85,158
85,72
85,194
85,73
85,160
85,7
85,161
85,78
85,162
85,79
85,82
85,164
85,81
85,86
85,169
85,88
85,17
85,16
85,173
85,90
85,91
86,27
86,28
86,26
86,6
86,29
86,11
86,31
86,14
86,33
86,34
86,35
86,37
86,39
86,41
86,43
86,44
86,46
86,47
86,48
86,49
86,50
86,179
86,3
86,56
86,57
86,59
86,60
86,61
86,62
86,63
86,64
86,65
86,67
86,68
86,69
86,71
86,72
86,73
86,74
86,76
86,77
86,78
86,80
86,79
86,82
86,81
86,83
86,85
86,87
86,88
86,17
86,89
86,90
86,91
86,92
86,93
86,94
86,95
86,96
86,97
86,98
86,99
86,100
86,101
86,102
86,104
86,109
86,111
86,112
86,113
86,8
86,114
86,115
86,116
86,120
86,121
86,122
86,124
86,125
86,126
86,128
86,129
86,130
86,131
86,133
86,134
86,137
86,138
86,139
86,140
86,141
86,143
86,144
86,145
86,147
86,21
86,148
86,149
86,151
86,152
86,153
86,155
86,156
86,157
86,158
86,2
86,194
86,160
86,7
86,161
86,12
86,164
86,165
86,166
86,167
86,168
86,169
86,170
86,171
86,172
86,16
86,173
86,174
87,27
87,208
87,28
87,211
87,4
87,217
87,26
87,6
87,29
87,178
87,220
87,31
87,14
87,33
87,34
87,228
87,35
87,229
87,231
87,207
87,37
87,232
87,234
87,39
87,240
87,41
87,43
87,44
87,46
87,246
87,47
87,48
87,248
87,49
87,50
87,249
87,19
87,209
87,210
87,216
87,56
87,57
87,59
87,60
87,61
87,62
87,63
87,222
87,64
87,225
87,65
87,67
87,68
87,69
87,71
87,72
87,73
87,74
87,76
87,77
87,199
87,78
87,80
87,79
87,82
87,81
87,83
87,86
87,88
87,17
87,89
87,18
87,90
87,91
87,92
87,93
87,94
87,95
87,96
87,212
87,213
87,97
87,98
87,99
87,100
87,101
87,102
87,218
87,219
87,104
87,223
87,226
87,109
87,230
87,233
87,111
87,235
87,237
87,112
87,239
87,113
87,8
87,114
87,243
87,115
87,116
87,120
87,121
87,122
87,124
87,250
87,125
87,126
87,128
87,129
87,214
87,130
87,215
87,131
87,133
87,134
87,137
87,402
87,221
87,138
87,139
87,140
87,141
87,143
87,144
87,224
87,145
87,147
87,21
87,148
87,227
87,149
87,151
87,152
87,153
87,155
87,156
87,157
87,2
87,236
87,238
87,241
87,160
87,7
87,242
87,161
87,244
87,12
87,245
87,164
87,165
87,166
87,167
87,247
87,168
87,169
87,170
87,171
87,172
87,16
87,173
87,174
87,251
88,208
88,28
88,26
88,29
88,30
88,11
88,33
88,34
88,35
88,36
88,231
88,207
88,38
88,39
88,40
88,5
88,41
88,43
88,46
88,246
88,47
88,48
88,248
88,49
88,50
88,249
88,19
88,253
88,55
88,209
88,210
88,216
88,56
88,61
88,63
88,225
88,65
88,66
88,67
88,68
88,69
88,70
88,72
88,22
88,73
88,74
88,80
88,79
88,81
88,86
88,17
88,18
88,90
88,92
88,94
88,212
88,97
88,98
88,100
88,218
88,103
88,104
88,318
88,106
88,107
88,226
88,233
88,111
88,237
88,113
88,8
88,114
88,243
88,116
88,117
88,118
88,121
88,124
88,250
88,125
88,127
88,128
88,129
88,215
88,131
88,132
88,136
88,221
88,138
88,143
88,144
88,224
88,146
88,147
88,227
88,153
88,155
88,156
88,159
88,241
88,161
88,162
88,163
88,201
88,165
88,167
88,172
88,16
88,173
88,174
88,251
88,175
88,27
88,211
88,6
88,217
88,178
88,220
88,31
88,14
88,228
88,252
88,229
88,37
88,232
88,234
88,240
88,42
88,44
88,45
88,51
88,52
88,53
88,54
88,327
88,57
88,58
88,60
88,59
88,62
88,222
88,64
88,272
88,71
88,75
88,76
88,77
88,78
88,199
88,82
88,83
88,84
88,85
88,87
88,89
88,91
88,93
88,95
88,96
88,213
88,99
88,101
88,102
88,219
88,223
88,105
88,108
88,109
88,203
88,230
88,110
88,235
88,112
88,239
88,115
88,204
88,120
88,119
88,122
88,123
88,205
88,126
88,130
88,214
88,134
88,133
88,135
88,378
88,137
88,141
88,140
88,139
88,142
88,145
88,21
88,206
88,148
88,149
88,150
88,151
88,152
88,154
88,157
88,158
88,2
88,236
88,238
88,160
88,7
88,242
88,244
88,12
88,245
88,164
88,166
88,168
88,247
88,169
88,170
88,171
89,27
89,28
89,26
89,6
89,29
89,31
89,14
89,33
89,34
89,35
89,37
89,39
89,41
89,43
89,44
89,46
89,47
89,48
89,49
89,50
89,3
89,56
89,57
89,59
89,60
89,61
89,62
89,63
89,64
89,65
89,67
89,68
89,69
89,71
89,72
89,73
89,74
89,76
89,77
89,78
89,80
89,79
89,82
89,81
89,83
89,87
89,86
89,88
89,17
89,90
89,91
89,92
89,93
89,94
89,95
89,96
89,97
89,98
89,99
89,100
89,101
89,102
89,104
89,109
89,111
89,112
89,113
89,8
89,114
89,115
89,116
89,120
89,121
89,122
89,124
89,125
89,126
89,128
89,129
89,130
89,131
89,133
89,134
89,137
89,138
89,139
89,140
89,141
89,143
89,144
89,145
89,147
89,21
89,148
89,149
89,151
89,152
89,153
89,155
89,156
89,157
89,2
89,160
89,7
89,161
89,12
89,164
89,165
89,166
89,167
89,168
89,169
89,170
89,171
89,172
89,16
89,173
89,174
90,27
90,28
90,4
90,26
90,6
90,29
90,30
90,11
90,31
90,14
90,33
90,34
90,309
90,35
90,36
90,37
90,38
90,39
90,40
90,5
90,41
90,42
90,43
90,44
90,45
90,46
90,47
90,48
90,49
90,50
90,51
90,52
90,19
90,53
90,54
90,55
90,280
90,56
90,57
90,58
90,59
90,60
90,61
90,62
90,63
90,64
90,65
90,66
90,67
90,68
90,69
90,70
90,71
90,72
90,22
90,73
90,74
90,75
90,76
90,77
90,78
90,80
90,79
90,82
90,81
90,83
90,84
90,85
90,87
90,86
90,88
90,17
90,89
90,91
90,92
90,93
90,94
90,95
90,96
90,97
90,98
90,99
90,100
90,101
90,102
90,103
90,104
90,105
90,106
90,107
90,108
90,109
90,110
90,111
90,112
90,113
90,8
90,114
90,115
90,116
90,117
90,118
90,119
90,120
90,121
90,122
90,123
90,124
90,125
90,126
90,127
90,128
90,129
90,130
90,131
90,132
90,133
90,134
90,135
90,136
90,137
90,138
90,139
90,140
90,141
90,142
90,143
90,144
90,145
90,146
90,147
90,21
90,148
90,149
90,150
90,151
90,152
90,153
90,154
90,155
90,156
90,157
90,158
90,2
90,159
90,160
90,7
90,161
90,12
90,162
90,163
90,164
90,165
90,166
90,167
90,168
90,169
90,339
90,170
90,171
90,172
90,16
90,173
90,174
90,175
91,27
91,28
91,26
91,6
91,29
91,30
91,11
91,31
91,14
91,33
91,34
91,252
91,35
91,36
91,37
91,38
91,39
91,40
91,5
91,41
91,42
91,43
91,44
91,45
91,46
91,47
91,48
91,49
91,50
91,51
91,52
91,19
91,53
91,253
91,54
91,327
91,55
91,292
91,56
91,57
91,58
91,59
91,60
91,61
91,62
91,63
91,64
91,65
91,66
91,67
91,68
91,69
91,70
91,71
91,72
91,22
91,73
91,74
91,75
91,76
91,77
91,78
91,80
91,79
91,82
91,81
91,83
91,84
91,85
91,87
91,86
91,88
91,17
91,89
91,90
91,92
91,93
91,94
91,95
91,96
91,97
91,98
91,99
91,100
91,101
91,102
91,103
91,9
91,104
91,105
91,282
91,106
91,107
91,108
91,109
91,233
91,110
91,111
91,237
91,112
91,239
91,113
91,8
91,114
91,115
91,116
91,117
91,118
91,119
91,120
91,121
91,122
91,123
91,205
91,124
91,125
91,126
91,127
91,128
91,129
91,130
91,131
91,132
91,133
91,134
91,135
91,378
91,136
91,137
91,138
91,139
91,140
91,141
91,142
91,143
91,144
91,145
91,146
91,147
91,21
91,148
91,149
91,150
91,151
91,152
91,153
91,154
91,155
91,156
91,157
91,158
91,2
91,159
91,160
91,7
91,161
91,12
91,162
91,163
91,164
91,201
91,165
91,166
91,167
91,168
91,169
91,170
91,171
91,172
91,16
91,173
91,174
91,175
92,27
92,28
92,26
92,6
92,29
92,30
92,11
92,31
92,14
92,33
92,34
92,35
92,36
92,37
92,232
92,39
92,40
92,41
92,42
92,43
92,44
92,45
92,46
92,47
92,48
92,49
92,50
92,51
92,249
92,52
92,253
92,54
92,327
92,55
92,392
92,56
92,57
92,58
92,393
92,59
92,60
92,61
92,62
92,63
92,64
92,65
92,66
92,67
92,68
92,69
92,272
92,70
92,71
92,72
92,22
92,73
92,74
92,75
92,76
92,77
92,78
92,80
92,79
92,82
92,81
92,83
92,84
92,87
92,86
92,88
92,17
92,89
92,90
92,91
92,93
92,94
92,95
92,96
92,97
92,98
92,99
92,100
92,101
92,102
92,103
92,104
92,105
92,106
92,107
92,108
92,394
92,109
92,110
92,111
92,112
92,113
92,8
92,114
92,115
92,116
92,117
92,118
92,120
92,121
92,122
92,123
92,205
92,124
92,202
92,125
92,126
92,127
92,128
92,129
92,130
92,131
92,132
92,133
92,134
92,135
92,378
92,136
92,137
92,138
92,139
92,140
92,141
92,142
92,143
92,144
92,145
92,146
92,147
92,21
92,148
92,149
92,150
92,151
92,152
92,153
92,154
92,155
92,156
92,157
92,158
92,2
92,159
92,160
92,7
92,161
92,12
92,162
92,163
92,164
92,201
92,165
92,166
92,167
92,168
92,169
92,170
92,171
92,172
92,16
92,173
92,174
92,175
93,27
93,28
93,4
93,29
93,6
93,26
93,31
93,14
93,32
93,33
93,34
93,309
93,35
93,424
93,37
93,39
93,5
93,41
93,44
93,43
93,46
93,47
93,48
93,49
93,50
93,19
93,255
93,56
93,57
93,59
93,60
93,61
93,62
93,328
93,63
93,64
93,65
93,67
93,68
93,190
93,69
93,71
93,72
93,22
93,73
93,74
93,76
93,77
93,198
93,78
93,80
93,79
93,82
93,81
93,83
93,87
93,86
93,88
93,89
93,17
93,90
93,298
93,91
93,92
93,94
93,95
93,96
93,97
93,98
93,99
93,100
93,101
93,102
93,9
93,104
93,109
93,111
93,112
93,113
93,8
93,114
93,115
93,116
93,120
93,121
93,122
93,124
93,125
93,126
93,128
93,129
93,130
93,215
93,131
93,133
93,134
93,137
93,138
93,139
93,140
93,141
93,143
93,144
93,145
93,147
93,21
93,148
93,149
93,151
93,152
93,153
93,155
93,156
93,157
93,2
93,160
93,7
93,161
93,12
93,164
93,165
93,166
93,167
93,168
93,169
93,170
93,171
93,172
93,16
93,173
93,174
94,27
94,28
94,4
94,26
94,6
94,29
94,324
94,31
94,14
94,33
94,34
94,35
94,37
94,39
94,41
94,43
94,44
94,46
94,47
94,48
94,49
94,50
94,19
94,260
94,280
94,56
94,57
94,294
94,59
94,60
94,61
94,62
94,63
94,64
94,65
94,67
94,68
94,69
94,70
94,71
94,72
94,22
94,73
94,74
94,76
94,77
94,78
94,80
94,79
94,82
94,81
94,83
94,87
94,86
94,88
94,17
94,89
94,90
94,91
94,92
94,93
94,95
94,96
94,97
94,98
94,99
94,100
94,101
94,102
94,104
94,109
94,111
94,112
94,113
94,8
94,114
94,115
94,116
94,120
94,200
94,121
94,122
94,123
94,124
94,202
94,125
94,126
94,128
94,129
94,130
94,131
94,133
94,134
94,137
94,138
94,139
94,140
94,141
94,143
94,144
94,145
94,147
94,21
94,148
94,149
94,150
94,151
94,152
94,153
94,155
94,156
94,157
94,2
94,160
94,7
94,161
94,12
94,164
94,165
94,166
94,167
94,168
94,169
94,170
94,171
94,172
94,16
94,173
94,174
95,27
95,322
95,28
95,26
95,6
95,29
95,30
95,11
95,31
95,14
95,417
95,33
95,34
95,35
95,36
95,37
95,38
95,39
95,40
95,5
95,41
95,42
95,43
95,44
95,45
95,46
95,290
95,47
95,48
95,49
95,50
95,51
95,52
95,19
95,53
95,54
95,55
95,56
95,57
95,58
95,59
95,60
95,61
95,62
95,63
95,64
95,65
95,66
95,67
95,68
95,69
95,70
95,71
95,72
95,22
95,73
95,74
95,75
95,76
95,77
95,78
95,80
95,79
95,82
95,81
95,83
95,84
95,85
95,87
95,86
95,88
95,17
95,89
95,90
95,91
95,92
95,93
95,94
95,96
95,97
95,98
95,99
95,100
95,101
95,102
95,103
95,9
95,104
95,105
95,106
95,282
95,107
95,108
95,188
95,109
95,191
95,110
95,111
95,112
95,113
95,8
95,114
95,115
95,116
95,117
95,118
95,119
95,120
95,121
95,122
95,123
95,124
95,125
95,126
95,127
95,128
95,129
95,130
95,131
95,132
95,133
95,134
95,135
95,136
95,137
95,138
95,139
95,140
95,141
95,142
95,143
95,144
95,145
95,146
95,147
95,21
95,148
95,149
95,150
95,151
95,152
95,153
95,154
95,155
95,156
95,157
95,158
95,2
95,159
95,241
95,160
95,7
95,161
95,12
95,162
95,163
95,164
95,165
95,166
95,167
95,168
95,169
95,170
95,171
95,172
95,16
95,173
95,174
95,175
96,27
96,322
96,28
96,323
96,4
96,26
96,6
96,29
96,30
96,11
96,31
96,14
96,33
96,34
96,35
96,36
96,37
96,38
96,39
96,40
96,5
96,41
96,42
96,43
96,44
96,45
96,46
96,290
96,47
96,48
96,49
96,50
96,51
96,52
96,53
96,19
96,54
96,55
96,56
96,57
96,58
96,59
96,60
96,61
96,62
96,63
96,64
96,65
96,66
96,67
96,68
96,69
96,70
96,71
96,72
96,22
96,73
96,74
96,75
96,76
96,77
96,78
96,80
96,79
96,82
96,81
96,83
96,84
96,85
96,87
96,86
96,88
96,17
96,89
96,90
96,91
96,92
96,93
96,94
96,95
96,97
96,98
96,99
96,100
96,101
96,102
96,103
96,104
96,105
96,106
96,107
96,108
96,188
96,109
96,110
96,111
96,112
96,113
96,283
96,8
96,114
96,115
96,116
96,117
96,118
96,119
96,120
96,121
96,122
96,123
96,124
96,125
96,126
96,127
96,128
96,129
96,130
96,131
96,132
96,133
96,134
96,135
96,136
96,137
96,138
96,139
96,140
96,141
96,142
96,143
96,144
96,145
96,146
96,147
96,21
96,148
96,149
96,150
96,151
96,152
96,153
96,154
96,155
96,156
96,157
96,158
96,2
96,159
96,196
96,160
96,7
96,161
96,12
96,162
96,163
96,164
96,165
96,166
96,167
96,168
96,169
96,170
96,171
96,172
96,16
96,173
96,174
96,175
97,27
97,208
97,28
97,211
97,4
97,217
97,29
97,6
97,26
97,178
97,220
97,31
97,14
97,33
97,34
97,228
97,35
97,229
97,231
97,207
97,37
97,232
97,234
97,39
97,240
97,5
97,41
97,44
97,43
97,46
97,246
97,47
97,48
97,248
97,269
97,49
97,50
97,249
97,19
97,209
97,210
97,216
97,56
97,57
97,294
97,59
97,60
97,61
97,62
97,63
97,222
97,64
97,225
97,65
97,67
97,68
97,69
97,272
97,71
97,72
97,73
97,74
97,76
97,77
97,199
97,78
97,80
97,79
97,82
97,81
97,83
97,87
97,86
97,88
97,17
97,89
97,18
97,90
97,91
97,92
97,93
97,94
97,95
97,96
97,212
97,213
97,98
97,99
97,100
97,101
97,102
97,218
97,219
97,9
97,104
97,223
97,226
97,109
97,230
97,259
97,233
97,191
97,111
97,235
97,237
97,112
97,239
97,113
97,8
97,114
97,243
97,115
97,116
97,265
97,120
97,121
97,122
97,271
97,124
97,250
97,202
97,125
97,126
97,128
97,129
97,214
97,130
97,215
97,131
97,133
97,134
97,264
97,137
97,221
97,138
97,139
97,140
97,141
97,143
97,144
97,224
97,145
97,147
97,21
97,148
97,227
97,149
97,151
97,152
97,153
97,155
97,156
97,157
97,2
97,236
97,238
97,241
97,160
97,7
97,242
97,161
97,244
97,12
97,245
97,164
97,165
97,166
97,167
97,247
97,168
97,169
97,170
97,171
97,172
97,16
97,173
97,174
97,251
98,27
98,28
98,4
98,26
98,6
98,29
98,31
98,14
98,32
98,33
98,34
98,35
98,37
98,39
98,5
98,41
98,43
98,44
98,46
98,47
98,48
98,49
98,50
98,19
98,56
98,57
98,59
98,60
98,61
98,62
98,63
98,64
98,65
98,67
98,68
98,69
98,71
98,72
98,22
98,73
98,74
98,76
98,77
98,198
98,78
98,80
98,79
98,82
98,81
98,83
98,87
98,86
98,88
98,17
98,89
98,90
98,91
98,92
98,93
98,94
98,95
98,96
98,97
98,99
98,100
98,101
98,102
98,104
98,109
98,111
98,112
98,113
98,8
98,114
98,115
98,116
98,120
98,121
98,122
98,124
98,125
98,126
98,128
98,129
98,130
98,131
98,133
98,134
98,137
98,138
98,139
98,140
98,141
98,143
98,144
98,145
98,147
98,21
98,148
98,149
98,151
98,152
98,153
98,155
98,156
98,157
98,2
98,160
98,7
98,161
98,12
98,164
98,165
98,166
98,167
98,168
98,169
98,170
98,171
98,172
98,16
98,173
98,174
99,28
99,4
99,26
99,29
99,30
99,11
99,33
99,34
99,35
99,36
99,277
99,39
99,40
99,41
99,43
99,46
99,47
99,48
99,49
99,50
99,19
99,311
99,55
99,185
99,280
99,56
99,61
99,63
99,65
99,66
99,67
99,68
99,69
99,70
99,72
99,22
99,73
99,74
99,80
99,79
99,81
99,86
99,17
99,90
99,92
99,94
99,97
99,98
99,100
99,103
99,9
99,104
99,106
99,107
99,111
99,113
99,283
99,8
99,114
99,116
99,117
99,118
99,121
99,124
99,125
99,127
99,128
99,129
99,131
99,132
99,340
99,136
99,221
99,138
99,143
99,144
99,146
99,147
99,153
99,155
99,156
99,159
99,196
99,161
99,162
99,163
99,165
99,167
99,172
99,16
99,287
99,173
99,174
99,175
99,27
99,323
99,6
99,31
99,14
99,37
99,326
99,44
99,42
99,45
99,51
99,52
99,54
99,57
99,58
99,60
99,59
99,62
99,64
99,296
99,71
99,75
99,76
99,77
99,78
99,82
99,83
99,84
99,87
99,88
99,89
99,91
99,93
99,95
99,96
99,101
99,102
99,105
99,108
99,109
99,110
99,112
99,115
99,120
99,122
99,123
99,126
99,130
99,134
99,133
99,135
99,137
99,141
99,140
99,139
99,142
99,145
99,21
99,148
99,149
99,150
99,151
99,152
99,154
99,157
99,158
99,2
99,160
99,7
99,12
99,164
99,166
99,168
99,247
99,169
99,338
99,170
99,171
100,27
100,28
100,323
100,4
100,26
100,6
100,29
100,30
100,11
100,31
100,14
100,33
100,34
100,35
100,36
100,37
100,39
100,40
100,41
100,326
100,42
100,43
100,44
100,45
100,46
100,47
100,48
100,49
100,50
100,51
100,52
100,54
100,55
100,56
100,57
100,58
100,59
100,60
100,61
100,62
100,63
100,64
100,65
100,66
100,67
100,68
100,69
100,70
100,71
100,72
100,22
100,73
100,74
100,75
100,76
100,77
100,78
100,80
100,79
100,82
100,81
100,83
100,84
100,87
100,86
100,88
100,17
100,89
100,90
100,91
100,92
100,93
100,94
100,95
100,96
100,97
100,98
100,99
100,101
100,102
100,103
100,9
100,104
100,105
100,106
100,107
100,108
100,109
100,110
100,111
100,112
100,113
100,8
100,114
100,115
100,116
100,117
100,118
100,120
100,121
100,122
100,123
100,124
100,125
100,126
100,127
100,128
100,129
100,130
100,131
100,132
100,133
100,134
100,135
100,136
100,137
100,138
100,139
100,140
100,141
100,142
100,143
100,144
100,145
100,146
100,147
100,21
100,148
100,149
100,150
100,151
100,152
100,153
100,154
100,155
100,156
100,157
100,158
100,2
100,159
100,160
100,7
100,161
100,12
100,162
100,163
100,164
100,165
100,166
100,167
100,168
100,338
100,169
100,170
100,171
100,172
100,16
100,173
100,174
100,175
101,27
101,28
101,26
101,6
101,29
101,30
101,11
101,31
101,14
101,417
101,33
101,34
101,252
101,35
101,36
101,37
101,38
101,39
101,40
101,5
101,41
101,42
101,43
101,44
101,45
101,46
101,47
101,48
101,49
101,50
101,51
101,52
101,19
101,53
101,253
101,54
101,55
101,56
101,57
101,58
101,59
101,60
101,61
101,62
101,63
101,64
101,65
101,66
101,67
101,68
101,69
101,70
101,71
101,72
101,22
101,73
101,74
101,75
101,76
101,77
101,78
101,80
101,79
101,82
101,81
101,83
101,84
101,85
101,87
101,86
101,88
101,17
101,89
101,90
101,91
101,92
101,93
101,94
101,95
101,96
101,97
101,98
101,99
101,100
101,102
101,103
101,104
101,105
101,106
101,107
101,108
101,188
101,203
101,109
101,191
101,110
101,111
101,112
101,113
101,8
101,114
101,115
101,116
101,204
101,117
101,118
101,119
101,120
101,121
101,122
101,123
101,124
101,125
101,126
101,127
101,128
101,129
101,130
101,131
101,132
101,133
101,134
101,135
101,378
101,136
101,137
101,138
101,139
101,140
101,141
101,142
101,143
101,144
101,145
101,146
101,147
101,206
101,21
101,148
101,149
101,150
101,151
101,152
101,153
101,154
101,155
101,156
101,157
101,158
101,2
101,159
101,160
101,7
101,161
101,12
101,162
101,163
101,164
101,201
101,165
101,166
101,167
101,168
101,169
101,170
101,171
101,172
101,16
101,173
101,174
101,175
102,27
102,28
102,26
102,6
102,29
102,30
102,11
102,31
102,14
102,33
102,34
102,35
102,36
102,231
102,37
102,38
102,39
102,40
102,5
102,41
102,42
102,43
102,44
102,45
102,46
102,47
102,48
102,49
102,50
102,51
102,52
102,53
102,19
102,54
102,55
102,3
102,56
102,57
102,58
102,59
102,60
102,61
102,62
102,63
102,64
102,65
102,66
102,67
102,68
102,69
102,70
102,71
102,72
102,22
102,73
102,74
102,75
102,76
102,77
102,78
102,80
102,79
102,82
102,81
102,83
102,84
102,85
102,87
102,86
102,88
102,17
102,89
102,90
102,91
102,92
102,316
102,93
102,94
102,95
102,96
102,97
102,98
102,99
102,100
102,101
102,103
102,104
102,105
102,106
102,107
102,108
102,109
102,110
102,111
102,112
102,113
102,8
102,114
102,115
102,116
102,10
102,117
102,119
102,118
102,120
102,121
102,122
102,123
102,124
102,125
102,126
102,127
102,128
102,129
102,130
102,131
102,132
102,133
102,134
102,135
102,136
102,137
102,138
102,139
102,140
102,141
102,142
102,143
102,144
102,145
102,146
102,147
102,21
102,148
102,149
102,150
102,151
102,152
102,153
102,154
102,155
102,156
102,157
102,158
102,2
102,236
102,159
102,194
102,160
102,7
102,161
102,12
102,162
102,163
102,164
102,165
102,166
102,167
102,168
102,169
102,339
102,170
102,171
102,172
102,16
102,173
102,174
102,175
103,27
103,28
103,4
103,6
103,26
103,30
103,11
103,14
103,33
103,34
103,362
103,35
103,36
103,37
103,288
103,40
103,41
103,326
103,42
103,43
103,46
103,45
103,50
103,51
103,52
103,19
103,54
103,55
103,293
103,56
103,57
103,58
103,61
103,62
103,65
103,66
103,67
103,70
103,72
103,382
103,22
103,74
103,73
103,75
103,77
103,79
103,80
103,82
103,81
103,83
103,84
103,88
103,396
103,90
103,91
103,92
103,95
103,96
103,99
103,100
103,101
103,102
103,104
103,105
103,106
103,108
103,107
103,109
103,110
103,111
103,112
103,113
103,115
103,116
103,117
103,120
103,118
103,121
103,122
103,123
103,124
103,127
103,128
103,129
103,130
103,133
103,132
103,135
103,136
103,141
103,139
103,142
103,143
103,144
103,145
103,147
103,146
103,148
103,149
103,150
103,153
103,154
103,155
103,156
103,157
103,158
103,2
103,159
103,194
103,196
103,395
103,160
103,161
103,162
103,163
103,164
103,166
103,201
103,169
103,339
103,172
103,16
103,174
103,173
103,175
104,27
104,28
104,26
104,6
104,29
104,30
104,11
104,324
104,31
104,14
104,33
104,34
104,252
104,35
104,36
104,37
104,38
104,39
104,40
104,5
104,41
104,42
104,43
104,44
104,45
104,46
104,47
104,48
104,49
104,50
104,51
104,52
104,19
104,53
104,54
104,55
104,56
104,57
104,58
104,294
104,59
104,60
104,61
104,62
104,63
104,64
104,65
104,66
104,67
104,68
104,69
104,70
104,71
104,72
104,22
104,73
104,74
104,75
104,76
104,77
104,315
104,78
104,80
104,79
104,82
104,81
104,83
104,84
104,85
104,87
104,86
104,88
104,17
104,89
104,90
104,91
104,92
104,93
104,94
104,95
104,96
104,97
104,98
104,99
104,100
104,101
104,102
104,9
104,103
104,105
104,282
104,106
104,107
104,108
104,109
104,233
104,110
104,111
104,112
104,239
104,113
104,8
104,114
104,115
104,116
104,117
104,118
104,119
104,120
104,200
104,121
104,122
104,123
104,205
104,124
104,202
104,125
104,126
104,127
104,128
104,129
104,130
104,131
104,132
104,133
104,134
104,135
104,136
104,137
104,138
104,139
104,140
104,141
104,142
104,143
104,144
104,145
104,146
104,147
104,21
104,148
104,149
104,150
104,151
104,152
104,153
104,154
104,155
104,156
104,157
104,158
104,2
104,159
104,160
104,7
104,161
104,12
104,162
104,163
104,164
104,165
104,166
104,167
104,168
104,169
104,170
104,171
104,172
104,16
104,173
104,174
104,175
105,92
105,27
105,28
105,95
105,96
105,99
105,101
105,100
105,102
105,6
105,26
105,30
105,103
105,11
105,104
105,14
105,106
105,107
105,108
105,33
105,34
105,109
105,35
105,36
105,37
105,110
105,111
105,40
105,112
105,113
105,41
105,116
105,115
105,42
105,43
105,117
105,118
105,120
105,46
105,45
105,122
105,121
105,123
105,124
105,50
105,51
105,52
105,54
105,127
105,128
105,55
105,129
105,130
105,134
105,133
105,132
105,135
105,57
105,56
105,136
105,58
105,62
105,61
105,141
105,139
105,143
105,142
105,144
105,145
105,146
105,66
105,147
105,67
105,148
105,149
105,150
105,70
105,153
105,154
105,155
105,156
105,157
105,158
105,72
105,159
105,22
105,74
105,73
105,160
105,75
105,161
105,77
105,162
105,80
105,163
105,79
105,164
105,82
105,81
105,166
105,83
105,84
105,169
105,88
105,172
105,16
105,174
105,90
105,173
105,175
105,91
106,92
106,27
106,28
106,95
106,96
106,99
106,423
106,101
106,100
106,102
106,6
106,26
106,30
106,103
106,11
106,104
106,14
106,105
106,107
106,108
106,33
106,34
106,109
106,35
106,36
106,37
106,111
106,110
106,40
106,112
106,113
106,41
106,116
106,115
106,42
106,43
106,117
106,118
106,120
106,46
106,45
106,122
106,121
106,123
106,47
106,124
106,50
106,51
106,52
106,253
106,327
106,54
106,127
106,128
106,55
106,129
106,130
106,186
106,132
106,133
106,135
106,56
106,57
106,58
106,136
106,61
106,62
106,139
106,141
106,143
106,142
106,144
106,145
106,146
106,66
106,147
106,67
106,21
106,148
106,149
106,150
106,70
106,153
106,154
106,155
106,156
106,157
106,158
106,72
106,159
106,238
106,22
106,74
106,73
106,160
106,75
106,161
106,77
106,162
106,80
106,163
106,79
106,164
106,82
106,81
106,166
106,201
106,83
106,84
106,169
106,88
106,172
106,16
106,174
106,90
106,173
106,175
106,91
107,27
107,28
107,4
107,6
107,26
107,30
107,11
107,14
107,33
107,34
107,35
107,36
107,37
107,40
107,41
107,326
107,42
107,43
107,46
107,45
107,50
107,51
107,52
107,19
107,342
107,54
107,55
107,3
107,368
107,56
107,57
107,58
107,61
107,62
107,66
107,67
107,70
107,72
107,22
107,74
107,73
107,75
107,77
107,80
107,79
107,82
107,81
107,83
107,84
107,88
107,17
107,90
107,298
107,91
107,92
107,95
107,96
107,99
107,100
107,101
107,102
107,103
107,104
107,105
107,106
107,108
107,109
107,230
107,110
107,111
107,112
107,113
107,115
107,116
107,10
107,117
107,120
107,118
107,121
107,122
107,123
107,124
107,284
107,127
107,128
107,129
107,130
107,133
107,132
107,135
107,136
107,141
107,139
107,142
107,143
107,144
107,145
107,147
107,146
107,148
107,149
107,150
107,153
107,157
107,156
107,155
107,154
107,158
107,2
107,159
107,160
107,161
107,12
107,162
107,163
107,164
107,166
107,169
107,339
107,172
107,171
107,16
107,174
107,173
107,175
108,27
108,28
108,323
108,4
108,26
108,6
108,30
108,11
108,14
108,33
108,34
108,35
108,36
108,37
108,40
108,41
108,42
108,43
108,46
108,45
108,50
108,51
108,19
108,52
108,54
108,55
108,185
108,280
108,56
108,57
108,58
108,61
108,62
108,66
108,67
108,70
108,72
108,22
108,74
108,73
108,75
108,77
108,80
108,79
108,82
108,81
108,83
108,84
108,88
108,90
108,91
108,92
108,95
108,96
108,99
108,100
108,101
108,102
108,103
108,104
108,105
108,106
108,107
108,109
108,110
108,111
108,112
108,113
108,283
108,115
108,116
108,117
108,120
108,118
108,121
108,122
108,123
108,124
108,127
108,128
108,129
108,285
108,130
108,133
108,132
108,135
108,340
108,136
108,140
108,141
108,139
108,142
108,143
108,144
108,145
108,147
108,146
108,148
108,149
108,150
108,153
108,157
108,156
108,155
108,154
108,158
108,159
108,196
108,160
108,197
108,161
108,162
108,163
108,164
108,341
108,166
108,169
108,172
108,16
108,174
108,173
108,175
109,27
109,28
109,26
109,6
109,29
109,30
109,11
109,31
109,14
109,33
109,34
109,309
109,35
109,36
109,37
109,38
109,39
109,40
109,5
109,41
109,42
109,43
109,44
109,45
109,46
109,47
109,48
109,49
109,50
109,51
109,52
109,19
109,53
109,54
109,55
109,56
109,57
109,58
109,59
109,60
109,61
109,62
109,63
109,64
109,65
109,66
109,67
109,68
109,69
109,70
109,71
109,72
109,22
109,73
109,74
109,75
109,76
109,77
109,78
109,80
109,79
109,82
109,81
109,83
109,84
109,85
109,87
109,86
109,88
109,17
109,89
109,90
109,91
109,92
109,93
109,94
109,95
109,96
109,97
109,98
109,99
109,100
109,101
109,102
109,103
109,104
109,105
109,106
109,107
109,108
109,110
109,111
109,112
109,113
109,8
109,114
109,115
109,116
109,117
109,118
109,119
109,120
109,121
109,122
109,123
109,124
109,125
109,126
109,127
109,128
109,129
109,130
109,131
109,132
109,133
109,134
109,135
109,136
109,137
109,138
109,139
109,140
109,141
109,142
109,143
109,144
109,145
109,146
109,147
109,21
109,148
109,149
109,150
109,151
109,152
109,153
109,154
109,155
109,156
109,157
109,158
109,2
109,159
109,196
109,160
109,7
109,197
109,161
109,12
109,162
109,163
109,164
109,165
109,166
109,167
109,168
109,169
109,339
109,170
109,171
109,172
109,16
109,173
109,174
109,175
110,92
110,27
110,28
110,95
110,96
110,99
110,100
110,101
110,102
110,6
110,26
110,30
110,103
110,11
110,104
110,14
110,105
110,106
110,107
110,108
110,33
110,34
110,109
110,35
110,36
110,37
110,111
110,40
110,112
110,113
110,41
110,115
110,116
110,43
110,42
110,117
110,120
110,118
110,46
110,45
110,122
110,121
110,123
110,124
110,50
110,51
110,52
110,54
110,127
110,128
110,55
110,129
110,130
110,133
110,132
110,135
110,57
110,56
110,136
110,58
110,62
110,61
110,141
110,139
110,143
110,142
110,144
110,145
110,146
110,66
110,147
110,67
110,148
110,149
110,150
110,70
110,153
110,154
110,155
110,156
110,157
110,158
110,72
110,159
110,22
110,74
110,73
110,160
110,75
110,161
110,77
110,162
110,80
110,163
110,79
110,164
110,82
110,81
110,166
110,83
110,84
110,169
110,88
110,172
110,16
110,174
110,90
110,173
110,175
110,91
111,27
111,28
111,323
111,4
111,26
111,6
111,29
111,30
111,11
111,31
111,14
111,33
111,34
111,309
111,35
111,36
111,37
111,38
111,39
111,40
111,5
111,41
111,42
111,43
111,44
111,45
111,46
111,47
111,48
111,248
111,49
111,50
111,51
111,52
111,53
111,19
111,54
111,55
111,280
111,392
111,56
111,57
111,393
111,58
111,59
111,60
111,61
111,62
111,63
111,64
111,65
111,66
111,67
111,68
111,69
111,272
111,70
111,71
111,72
111,22
111,73
111,74
111,75
111,76
111,77
111,78
111,80
111,79
111,82
111,81
111,83
111,84
111,85
111,87
111,86
111,88
111,17
111,89
111,90
111,91
111,92
111,93
111,94
111,95
111,96
111,97
111,98
111,99
111,100
111,101
111,102
111,103
111,104
111,105
111,106
111,282
111,107
111,108
111,394
111,109
111,110
111,112
111,113
111,8
111,114
111,115
111,116
111,117
111,118
111,119
111,120
111,121
111,122
111,123
111,124
111,202
111,125
111,126
111,127
111,128
111,129
111,130
111,131
111,132
111,133
111,134
111,135
111,136
111,137
111,138
111,139
111,140
111,141
111,142
111,143
111,144
111,145
111,146
111,147
111,21
111,148
111,149
111,150
111,151
111,152
111,153
111,154
111,155
111,156
111,157
111,158
111,2
111,159
111,160
111,7
111,197
111,161
111,12
111,162
111,163
111,164
111,165
111,166
111,167
111,168
111,169
111,339
111,170
111,171
111,172
111,16
111,173
111,174
111,175
112,27
112,28
112,4
112,26
112,6
112,29
112,30
112,11
112,31
112,14
112,33
112,34
112,35
112,36
112,37
112,288
112,38
112,39
112,40
112,5
112,41
112,326
112,42
112,43
112,44
112,45
112,46
112,47
112,48
112,49
112,50
112,51
112,52
112,53
112,19
112,54
112,55
112,56
112,57
112,58
112,59
112,60
112,61
112,62
112,63
112,64
112,65
112,66
112,67
112,68
112,69
112,70
112,71
112,72
112,22
112,73
112,74
112,75
112,76
112,77
112,78
112,80
112,79
112,82
112,81
112,83
112,84
112,85
112,87
112,86
112,88
112,17
112,89
112,90
112,91
112,92
112,93
112,94
112,95
112,96
112,97
112,98
112,99
112,100
112,101
112,102
112,103
112,104
112,105
112,106
112,107
112,108
112,109
112,110
112,111
112,113
112,8
112,114
112,115
112,116
112,117
112,118
112,119
112,120
112,121
112,122
112,123
112,124
112,125
112,126
112,127
112,128
112,129
112,130
112,131
112,132
112,133
112,134
112,135
112,136
112,137
112,138
112,139
112,140
112,141
112,142
112,143
112,144
112,145
112,146
112,147
112,21
112,148
112,149
112,150
112,151
112,152
112,153
112,154
112,155
112,156
112,157
112,158
112,2
112,159
112,194
112,160
112,7
112,161
112,12
112,162
112,163
112,164
112,165
112,166
112,167
112,168
112,169
112,170
112,171
112,172
112,16
112,173
112,174
112,175
113,27
113,28
113,4
113,26
113,6
113,29
113,30
113,11
113,31
113,14
113,33
113,34
113,35
113,36
113,231
113,37
113,39
113,40
113,41
113,391
113,42
113,43
113,44
113,45
113,46
113,290
113,47
113,48
113,49
113,50
113,51
113,52
113,19
113,54
113,55
113,56
113,57
113,58
113,59
113,60
113,61
113,62
113,63
113,64
113,65
113,66
113,67
113,68
113,69
113,70
113,71
113,72
113,22
113,73
113,74
113,75
113,76
113,77
113,78
113,80
113,79
113,82
113,81
113,83
113,84
113,87
113,86
113,88
113,17
113,89
113,90
113,91
113,92
113,93
113,94
113,95
113,96
113,97
113,98
113,99
113,100
113,101
113,102
113,103
113,104
113,105
113,106
113,107
113,108
113,188
113,109
113,110
113,111
113,112
113,8
113,114
113,115
113,116
113,117
113,118
113,120
113,121
113,122
113,123
113,124
113,125
113,126
113,127
113,128
113,129
113,130
113,131
113,132
113,133
113,134
113,135
113,136
113,137
113,138
113,139
113,140
113,141
113,142
113,143
113,144
113,145
113,146
113,147
113,21
113,148
113,149
113,150
113,151
113,152
113,153
113,154
113,155
113,156
113,157
113,158
113,2
113,236
113,159
113,194
113,195
113,160
113,7
113,161
113,12
113,162
113,163
113,164
113,165
113,166
113,167
113,168
113,169
113,170
113,171
113,172
113,16
113,173
113,174
113,175
114,27
114,28
114,364
114,4
114,26
114,6
114,29
114,31
114,14
114,33
114,34
114,252
114,309
114,35
114,365
114,37
114,39
114,289
114,5
114,41
114,43
114,44
114,366
114,46
114,47
114,48
114,49
114,50
114,253
114,19
114,327
114,292
114,56
114,57
114,59
114,60
114,61
114,62
114,63
114,64
114,65
114,295
114,66
114,67
114,68
114,69
114,71
114,72
114,73
114,74
114,76
114,77
114,78
114,80
114,79
114,82
114,81
114,83
114,87
114,86
114,88
114,17
114,89
114,90
114,91
114,92
114,93
114,94
114,95
114,96
114,97
114,98
114,99
114,100
114,101
114,102
114,9
114,104
114,109
114,233
114,111
114,237
114,112
114,113
114,8
114,115
114,116
114,120
114,121
114,122
114,367
114,205
114,124
114,125
114,126
114,128
114,129
114,130
114,131
114,133
114,134
114,137
114,138
114,139
114,140
114,141
114,143
114,144
114,145
114,147
114,21
114,148
114,149
114,151
114,152
114,153
114,155
114,156
114,157
114,2
114,160
114,7
114,161
114,12
114,164
114,201
114,165
114,166
114,167
114,168
114,169
114,170
114,171
114,172
114,16
114,173
114,174
115,27
115,28
115,4
115,26
115,6
115,29
115,30
115,11
115,31
115,14
115,33
115,34
115,35
115,36
115,231
115,37
115,288
115,39
115,40
115,41
115,326
115,42
115,43
115,44
115,45
115,46
115,47
115,48
115,49
115,50
115,51
115,52
115,274
115,19
115,54
115,291
115,55
115,3
115,56
115,57
115,58
115,59
115,60
115,61
115,62
115,63
115,64
115,65
115,66
115,67
115,68
115,69
115,70
115,71
115,72
115,22
115,73
115,74
115,75
115,76
115,77
115,78
115,80
115,79
115,82
115,81
115,83
115,84
115,87
115,86
115,88
115,17
115,89
115,90
115,91
115,92
115,316
115,93
115,94
115,95
115,96
115,97
115,98
115,99
115,100
115,101
115,102
115,103
115,104
115,105
115,106
115,107
115,108
115,109
115,110
115,111
115,112
115,113
115,8
115,114
115,116
115,117
115,118
115,120
115,121
115,122
115,123
115,124
115,125
115,126
115,127
115,128
115,129
115,130
115,131
115,132
115,133
115,134
115,135
115,136
115,137
115,138
115,139
115,140
115,141
115,142
115,143
115,144
115,145
115,146
115,147
115,21
115,148
115,149
115,150
115,151
115,152
115,153
115,154
115,155
115,156
115,157
115,158
115,2
115,236
115,275
115,159
115,194
115,160
115,7
115,161
115,12
115,162
115,245
115,163
115,164
115,165
115,166
115,167
115,168
115,169
115,170
115,171
115,172
115,16
115,173
115,174
115,175
116,27
116,28
116,4
116,26
116,6
116,29
116,30
116,11
116,31
116,14
116,33
116,34
116,35
116,36
116,231
116,37
116,39
116,40
116,41
116,42
116,43
116,44
116,45
116,46
116,47
116,48
116,49
116,50
116,51
116,52
116,19
116,54
116,327
116,55
116,292
116,56
116,57
116,58
116,59
116,60
116,61
116,62
116,63
116,64
116,65
116,66
116,67
116,68
116,69
116,70
116,71
116,72
116,22
116,73
116,74
116,75
116,76
116,77
116,78
116,80
116,79
116,82
116,81
116,83
116,84
116,87
116,86
116,88
116,17
116,89
116,90
116,91
116,92
116,93
116,94
116,95
116,96
116,213
116,97
116,98
116,99
116,100
116,101
116,102
116,103
116,104
116,105
116,106
116,107
116,108
116,109
116,110
116,111
116,112
116,113
116,8
116,114
116,115
116,117
116,118
116,120
116,121
116,122
116,123
116,333
116,124
116,125
116,126
116,127
116,128
116,129
116,130
116,215
116,131
116,132
116,133
116,134
116,135
116,136
116,137
116,138
116,139
116,140
116,141
116,142
116,143
116,144
116,145
116,146
116,147
116,21
116,148
116,149
116,150
116,151
116,152
116,153
116,154
116,155
116,156
116,157
116,158
116,2
116,236
116,159
116,194
116,160
116,7
116,161
116,244
116,12
116,162
116,163
116,164
116,201
116,165
116,166
116,167
116,168
116,169
116,170
116,171
116,172
116,16
116,173
116,174
116,175
117,27
117,28
117,4
117,6
117,26
117,30
117,11
117,14
117,33
117,34
117,35
117,36
117,37
117,40
117,41
117,42
117,43
117,46
117,45
117,50
117,51
117,52
117,19
117,54
117,55
117,3
117,57
117,56
117,58
117,61
117,62
117,66
117,67
117,70
117,72
117,22
117,74
117,73
117,75
117,77
117,80
117,79
117,81
117,82
117,83
117,84
117,85
117,88
117,17
117,90
117,91
117,298
117,92
117,95
117,96
117,99
117,100
117,101
117,102
117,103
117,104
117,105
117,106
117,107
117,108
117,109
117,110
117,111
117,112
117,113
117,115
117,116
117,10
117,120
117,118
117,121
117,122
117,123
117,124
117,127
117,128
117,129
117,130
117,133
117,132
117,135
117,136
117,141
117,139
117,142
117,143
117,144
117,145
117,147
117,146
117,148
117,149
117,150
117,153
117,157
117,156
117,155
117,154
117,158
117,159
117,160
117,161
117,162
117,163
117,164
117,166
117,169
117,172
117,171
117,16
117,174
117,173
117,175
118,27
118,28
118,26
118,6
118,30
118,11
118,14
118,32
118,33
118,34
118,309
118,35
118,36
118,37
118,231
118,40
118,41
118,43
118,42
118,46
118,45
118,50
118,51
118,52
118,19
118,54
118,55
118,56
118,57
118,58
118,62
118,61
118,65
118,66
118,67
118,70
118,72
118,22
118,74
118,73
118,75
118,77
118,199
118,79
118,80
118,82
118,81
118,83
118,84
118,88
118,90
118,91
118,92
118,316
118,95
118,96
118,99
118,100
118,101
118,102
118,103
118,104
118,105
118,106
118,108
118,107
118,109
118,111
118,110
118,112
118,113
118,116
118,115
118,117
118,120
118,122
118,121
118,123
118,124
118,127
118,128
118,129
118,130
118,133
118,132
118,135
118,136
118,141
118,139
118,142
118,143
118,144
118,145
118,147
118,146
118,148
118,149
118,150
118,153
118,157
118,156
118,155
118,154
118,158
118,236
118,159
118,194
118,160
118,161
118,162
118,163
118,164
118,166
118,169
118,339
118,172
118,16
118,174
118,173
118,175
119,28
119,95
119,96
119,101
119,102
119,29
119,6
119,26
119,9
119,104
119,14
119,187
119,32
119,188
119,33
119,34
119,109
119,35
119,36
119,37
119,191
119,38
119,39
119,192
119,111
119,112
119,193
119,41
119,5
119,8
119,44
119,120
119,200
119,46
119,122
119,47
119,50
119,202
119,125
119,19
119,53
119,54
119,179
119,129
119,185
119,3
119,130
119,186
119,133
119,57
119,56
119,137
119,61
119,63
119,139
119,64
119,144
119,189
119,67
119,21
119,148
119,190
119,69
119,151
119,71
119,153
119,157
119,72
119,195
119,194
119,196
119,73
119,76
119,160
119,7
119,197
119,161
119,198
119,78
119,162
119,79
119,82
119,164
119,81
119,201
119,85
119,169
119,88
119,16
119,17
119,173
119,90
119,91
120,208
120,28
120,26
120,29
120,30
120,11
120,33
120,34
120,309
120,35
120,36
120,231
120,207
120,38
120,39
120,40
120,5
120,41
120,43
120,46
120,246
120,47
120,48
120,248
120,269
120,49
120,50
120,249
120,19
120,55
120,209
120,210
120,216
120,56
120,61
120,63
120,225
120,65
120,66
120,67
120,68
120,69
120,70
120,72
120,22
120,73
120,74
120,80
120,79
120,81
120,86
120,17
120,18
120,90
120,92
120,94
120,212
120,97
120,98
120,100
120,218
120,103
120,9
120,104
120,106
120,107
120,226
120,233
120,111
120,237
120,113
120,8
120,114
120,243
120,116
120,117
120,118
120,121
120,124
120,250
120,125
120,127
120,128
120,129
120,215
120,131
120,132
120,136
120,221
120,138
120,143
120,144
120,224
120,146
120,147
120,227
120,153
120,155
120,156
120,159
120,241
120,161
120,162
120,163
120,165
120,167
120,172
120,16
120,173
120,174
120,251
120,175
120,27
120,211
120,6
120,217
120,178
120,220
120,31
120,14
120,228
120,252
120,229
120,37
120,232
120,234
120,240
120,44
120,42
120,45
120,290
120,51
120,52
120,53
120,54
120,57
120,58
120,60
120,59
120,62
120,222
120,64
120,71
120,75
120,76
120,77
120,78
120,199
120,82
120,83
120,84
120,87
120,85
120,88
120,89
120,91
120,93
120,95
120,96
120,213
120,99
120,101
120,102
120,219
120,223
120,105
120,108
120,109
120,230
120,110
120,235
120,112
120,239
120,115
120,119
120,122
120,123
120,205
120,126
120,130
120,214
120,134
120,133
120,135
120,137
120,141
120,140
120,139
120,142
120,145
120,21
120,148
120,149
120,150
120,151
120,152
120,154
120,157
120,158
120,2
120,236
120,238
120,160
120,7
120,242
120,244
120,12
120,245
120,164
120,166
120,168
120,247
120,169
120,339
120,170
120,171
121,27
121,28
121,26
121,6
121,29
121,30
121,11
121,31
121,14
121,33
121,34
121,35
121,36
121,37
121,39
121,40
121,5
121,41
121,42
121,43
121,44
121,45
121,46
121,47
121,48
121,49
121,50
121,51
121,52
121,19
121,342
121,54
121,55
121,3
121,368
121,56
121,57
121,58
121,59
121,60
121,61
121,62
121,63
121,64
121,65
121,66
121,67
121,68
121,69
121,272
121,70
121,71
121,72
121,22
121,73
121,74
121,75
121,76
121,77
121,78
121,80
121,79
121,82
121,81
121,83
121,84
121,87
121,86
121,88
121,17
121,89
121,90
121,91
121,92
121,93
121,94
121,95
121,96
121,97
121,98
121,99
121,100
121,101
121,102
121,103
121,104
121,105
121,106
121,108
121,107
121,109
121,230
121,110
121,111
121,112
121,113
121,8
121,114
121,115
121,116
121,10
121,117
121,118
121,120
121,122
121,123
121,124
121,125
121,126
121,127
121,128
121,129
121,130
121,131
121,132
121,133
121,134
121,135
121,136
121,137
121,138
121,139
121,140
121,141
121,142
121,143
121,144
121,145
121,146
121,147
121,21
121,148
121,149
121,150
121,151
121,152
121,153
121,154
121,155
121,156
121,157
121,158
121,2
121,159
121,160
121,7
121,161
121,12
121,162
121,163
121,164
121,165
121,166
121,167
121,168
121,169
121,170
121,171
121,172
121,16
121,173
121,174
121,175
122,28
122,364
122,26
122,29
122,30
122,11
122,33
122,34
122,309
122,35
122,36
122,38
122,39
122,40
122,5
122,41
122,43
122,46
122,47
122,48
122,49
122,50
122,19
122,55
122,56
122,61
122,63
122,65
122,66
122,67
122,68
122,69
122,70
122,72
122,22
122,73
122,74
122,80
122,79
122,81
122,86
122,17
122,90
122,92
122,94
122,97
122,98
122,100
122,103
122,104
122,106
122,107
122,111
122,237
122,113
122,8
122,114
122,116
122,117
122,118
122,121
122,124
122,125
122,127
122,128
122,129
122,215
122,131
122,132
122,136
122,138
122,143
122,144
122,146
122,147
122,153
122,155
122,156
122,159
122,197
122,161
122,162
122,163
122,201
122,165
122,167
122,172
122,16
122,173
122,174
122,175
122,27
122,385
122,6
122,31
122,14
122,37
122,365
122,44
122,42
122,366
122,45
122,51
122,53
122,52
122,327
122,54
122,292
122,387
122,57
122,58
122,60
122,59
122,62
122,64
122,71
122,75
122,76
122,77
122,78
122,199
122,82
122,83
122,84
122,87
122,85
122,88
122,89
122,91
122,93
122,95
122,96
122,99
122,101
122,102
122,105
122,108
122,109
122,110
122,112
122,115
122,120
122,119
122,388
122,123
122,333
122,205
122,126
122,130
122,134
122,133
122,378
122,135
122,137
122,141
122,140
122,139
122,142
122,145
122,21
122,148
122,149
122,150
122,151
122,152
122,154
122,157
122,158
122,2
122,386
122,160
122,7
122,12
122,164
122,166
122,168
122,169
122,339
122,170
122,171
123,92
123,27
123,94
123,28
123,95
123,96
123,99
123,100
123,101
123,102
123,4
123,6
123,26
123,30
123,103
123,11
123,104
123,14
123,105
123,106
123,107
123,108
123,33
123,34
123,109
123,35
123,36
123,37
123,110
123,111
123,40
123,112
123,113
123,41
123,116
123,115
123,42
123,43
123,117
123,118
123,120
123,46
123,45
123,122
123,121
123,124
123,50
123,51
123,19
123,52
123,54
123,127
123,128
123,55
123,129
123,280
123,130
123,133
123,132
123,135
123,57
123,56
123,136
123,58
123,62
123,61
123,141
123,139
123,143
123,142
123,144
123,145
123,146
123,66
123,147
123,67
123,148
123,149
123,150
123,70
123,153
123,154
123,155
123,156
123,157
123,158
123,72
123,159
123,22
123,74
123,73
123,160
123,75
123,161
123,77
123,162
123,80
123,163
123,79
123,164
123,82
123,81
123,166
123,83
123,84
123,169
123,88
123,172
123,17
123,16
123,174
123,90
123,173
123,175
123,91
124,27
124,28
124,26
124,6
124,29
124,30
124,11
124,31
124,14
124,33
124,34
124,35
124,36
124,37
124,39
124,40
124,41
124,42
124,43
124,44
124,45
124,46
124,47
124,48
124,49
124,50
124,51
124,52
124,54
124,55
124,56
124,57
124,58
124,59
124,60
124,61
124,62
124,63
124,64
124,65
124,66
124,67
124,68
124,69
124,70
124,71
124,72
124,22
124,73
124,74
124,75
124,76
124,77
124,78
124,80
124,79
124,82
124,81
124,83
124,84
124,87
124,86
124,88
124,17
124,89
124,90
124,91
124,92
124,93
124,94
124,95
124,96
124,97
124,98
124,99
124,100
124,101
124,102
124,103
124,104
124,105
124,106
124,107
124,108
124,109
124,110
124,111
124,112
124,113
124,8
124,114
124,115
124,116
124,117
124,118
124,120
124,121
124,122
124,123
124,125
124,126
124,127
124,128
124,129
124,130
124,131
124,132
124,133
124,134
124,135
124,136
124,137
124,138
124,139
124,140
124,141
124,142
124,143
124,144
124,145
124,146
124,147
124,21
124,148
124,149
124,150
124,151
124,152
124,153
124,154
124,155
124,156
124,157
124,158
124,2
124,159
124,160
124,7
124,161
124,12
124,162
124,163
124,164
124,165
124,166
124,167
124,168
124,169
124,170
124,171
124,172
124,16
124,173
124,174
124,175
125,27
125,28
125,4
125,26
125,6
125,29
125,31
125,14
125,33
125,34
125,35
125,36
125,277
125,37
125,38
125,39
125,5
125,41
125,43
125,44
125,46
125,47
125,48
125,49
125,50
125,53
125,19
125,54
125,311
125,56
125,57
125,59
125,60
125,61
125,62
125,63
125,64
125,65
125,67
125,68
125,69
125,296
125,71
125,72
125,73
125,74
125,76
125,77
125,315
125,78
125,80
125,79
125,82
125,81
125,83
125,85
125,87
125,86
125,88
125,17
125,89
125,90
125,91
125,92
125,93
125,94
125,95
125,96
125,97
125,98
125,99
125,100
125,101
125,102
125,104
125,109
125,111
125,112
125,113
125,8
125,114
125,115
125,116
125,119
125,120
125,121
125,122
125,124
125,126
125,128
125,129
125,130
125,131
125,133
125,134
125,137
125,221
125,138
125,139
125,140
125,141
125,143
125,144
125,145
125,147
125,21
125,148
125,227
125,149
125,151
125,152
125,153
125,155
125,156
125,157
125,2
125,160
125,7
125,242
125,161
125,12
125,162
125,164
125,165
125,166
125,167
125,247
125,168
125,169
125,170
125,171
125,172
125,16
125,287
125,173
125,174
126,27
126,28
126,4
126,26
126,6
126,29
126,31
126,14
126,33
126,34
126,35
126,37
126,39
126,41
126,43
126,44
126,46
126,47
126,48
126,49
126,50
126,19
126,56
126,57
126,59
126,60
126,61
126,62
126,63
126,64
126,65
126,67
126,68
126,69
126,71
126,72
126,73
126,74
126,76
126,77
126,78
126,80
126,79
126,82
126,81
126,83
126,87
126,86
126,88
126,17
126,89
126,90
126,91
126,92
126,93
126,94
126,95
126,96
126,97
126,98
126,99
126,100
126,101
126,102
126,104
126,109
126,111
126,112
126,113
126,8
126,114
126,115
126,116
126,120
126,121
126,122
126,124
126,125
126,128
126,129
126,130
126,131
126,133
126,134
126,137
126,138
126,139
126,140
126,141
126,143
126,144
126,145
126,147
126,21
126,148
126,149
126,151
126,152
126,153
126,155
126,156
126,157
126,2
126,160
126,7
126,161
126,12
126,164
126,165
126,166
126,167
126,168
126,169
126,170
126,171
126,172
126,16
126,173
126,174
127,27
127,28
127,6
127,26
127,30
127,11
127,14
127,33
127,34
127,35
127,36
127,37
127,40
127,41
127,42
127,43
127,46
127,45
127,47
127,50
127,51
127,52
127,253
127,53
127,54
127,327
127,55
127,56
127,57
127,58
127,61
127,62
127,66
127,67
127,70
127,72
127,22
127,74
127,73
127,75
127,77
127,80
127,79
127,82
127,81
127,83
127,84
127,88
127,90
127,91
127,92
127,95
127,96
127,99
127,100
127,101
127,102
127,103
127,104
127,105
127,106
127,108
127,107
127,109
127,110
127,111
127,112
127,273
127,113
127,115
127,116
127,117
127,120
127,118
127,121
127,122
127,123
127,205
127,124
127,128
127,129
127,130
127,133
127,132
127,135
127,136
127,141
127,139
127,142
127,143
127,144
127,145
127,146
127,147
127,148
127,149
127,150
127,153
127,157
127,156
127,155
127,154
127,158
127,159
127,160
127,161
127,245
127,162
127,163
127,164
127,201
127,166
127,169
127,172
127,16
127,174
127,173
127,175
128,27
128,28
128,26
128,6
128,29
128,30
128,11
128,31
128,14
128,33
128,34
128,35
128,36
128,37
128,39
128,40
128,41
128,42
128,43
128,44
128,45
128,46
128,47
128,48
128,49
128,50
128,51
128,52
128,54
128,55
128,179
128,3
128,56
128,57
128,58
128,59
128,60
128,61
128,62
128,63
128,64
128,65
128,66
128,67
128,68
128,69
128,70
128,71
128,72
128,22
128,73
128,74
128,75
128,76
128,77
128,78
128,80
128,79
128,82
128,81
128,83
128,84
128,85
128,87
128,86
128,88
128,17
128,89
128,90
128,91
128,92
128,93
128,94
128,95
128,96
128,97
128,98
128,99
128,100
128,101
128,102
128,103
128,104
128,105
128,106
128,107
128,108
128,109
128,110
128,111
128,112
128,113
128,8
128,114
128,115
128,116
128,10
128,117
128,118
128,120
128,121
128,122
128,123
128,124
128,125
128,126
128,127
128,129
128,130
128,131
128,132
128,133
128,134
128,135
128,136
128,137
128,138
128,139
128,140
128,141
128,142
128,143
128,144
128,145
128,146
128,147
128,21
128,148
128,149
128,150
128,151
128,152
128,153
128,154
128,155
128,156
128,157
128,158
128,2
128,159
128,194
128,160
128,7
128,161
128,12
128,162
128,163
128,164
128,165
128,166
128,167
128,168
128,169
128,170
128,171
128,172
128,16
128,173
128,174
128,175
129,27
129,28
129,4
129,26
129,6
129,29
129,30
129,11
129,31
129,14
129,33
129,34
129,252
129,309
129,35
129,36
129,37
129,38
129,39
129,40
129,289
129,5
129,41
129,42
129,43
129,44
129,45
129,46
129,290
129,47
129,48
129,269
129,49
129,50
129,51
129,52
129,53
129,19
129,54
129,55
129,56
129,57
129,58
129,59
129,60
129,61
129,62
129,63
129,64
129,65
129,66
129,67
129,68
129,69
129,70
129,71
129,72
129,22
129,73
129,74
129,75
129,76
129,77
129,78
129,297
129,80
129,79
129,82
129,81
129,83
129,84
129,85
129,87
129,86
129,88
129,17
129,89
129,90
129,91
129,92
129,93
129,94
129,95
129,96
129,97
129,98
129,99
129,100
129,101
129,102
129,103
129,9
129,104
129,105
129,106
129,107
129,108
129,109
129,110
129,111
129,112
129,113
129,8
129,114
129,115
129,116
129,117
129,118
129,119
129,120
129,121
129,122
129,123
129,205
129,124
129,125
129,126
129,127
129,304
129,128
129,130
129,131
129,132
129,133
129,134
129,135
129,136
129,137
129,138
129,139
129,140
129,141
129,142
129,143
129,144
129,145
129,146
129,147
129,21
129,148
129,149
129,150
129,151
129,152
129,153
129,154
129,155
129,156
129,157
129,158
129,2
129,159
129,160
129,7
129,161
129,12
129,245
129,162
129,163
129,164
129,165
129,166
129,167
129,168
129,169
129,339
129,170
129,171
129,172
129,16
129,173
129,174
129,175
130,27
130,28
130,4
130,26
130,6
130,29
130,30
130,11
130,31
130,14
130,33
130,34
130,252
130,309
130,35
130,36
130,37
130,38
130,39
130,40
130,289
130,5
130,41
130,42
130,43
130,44
130,45
130,46
130,290
130,47
130,48
130,49
130,50
130,51
130,52
130,53
130,19
130,54
130,55
130,56
130,57
130,58
130,59
130,60
130,61
130,62
130,63
130,64
130,65
130,66
130,67
130,68
130,69
130,70
130,71
130,72
130,22
130,73
130,74
130,75
130,76
130,77
130,78
130,297
130,80
130,79
130,82
130,81
130,83
130,84
130,85
130,87
130,86
130,88
130,17
130,89
130,90
130,91
130,92
130,93
130,94
130,95
130,96
130,97
130,98
130,99
130,100
130,101
130,102
130,218
130,9
130,103
130,104
130,105
130,106
130,107
130,108
130,109
130,110
130,111
130,112
130,113
130,8
130,114
130,115
130,116
130,117
130,118
130,119
130,120
130,121
130,122
130,123
130,205
130,124
130,125
130,126
130,127
130,304
130,128
130,129
130,214
130,131
130,132
130,133
130,134
130,135
130,136
130,137
130,138
130,139
130,140
130,141
130,142
130,143
130,144
130,145
130,146
130,147
130,21
130,148
130,149
130,150
130,151
130,152
130,153
130,154
130,155
130,156
130,157
130,158
130,2
130,159
130,160
130,7
130,161
130,12
130,245
130,162
130,163
130,164
130,165
130,166
130,167
130,168
130,169
130,170
130,171
130,172
130,16
130,173
130,174
130,175
131,27
131,28
131,4
131,26
131,6
131,29
131,31
131,14
131,417
131,33
131,34
131,35
131,37
131,39
131,41
131,326
131,43
131,44
131,46
131,47
131,48
131,49
131,50
131,56
131,57
131,59
131,60
131,61
131,62
131,63
131,64
131,65
131,67
131,68
131,69
131,71
131,72
131,73
131,74
131,76
131,77
131,78
131,80
131,79
131,82
131,81
131,83
131,87
131,86
131,88
131,17
131,89
131,90
131,91
131,92
131,93
131,94
131,95
131,96
131,97
131,98
131,99
131,100
131,101
131,102
131,104
131,109
131,111
131,112
131,113
131,8
131,114
131,115
131,116
131,120
131,121
131,122
131,124
131,125
131,126
131,128
131,129
131,418
131,130
131,133
131,134
131,137
131,138
131,139
131,140
131,141
131,143
131,144
131,145
131,147
131,21
131,148
131,149
131,151
131,152
131,153
131,155
131,156
131,157
131,2
131,160
131,7
131,161
131,12
131,164
131,165
131,166
131,167
131,168
131,169
131,170
131,171
131,172
131,16
131,173
131,174
132,92
132,27
132,28
132,95
132,96
132,99
132,101
132,100
132,102
132,4
132,6
132,26
132,30
132,103
132,11
132,104
132,14
132,105
132,106
132,107
132,108
132,33
132,34
132,109
132,35
132,36
132,37
132,111
132,110
132,40
132,112
132,113
132,41
132,116
132,115
132,42
132,43
132,117
132,118
132,120
132,46
132,45
132,122
132,121
132,123
132,124
132,50
132,51
132,52
132,19
132,54
132,127
132,128
132,55
132,129
132,130
132,133
132,135
132,56
132,57
132,58
132,136
132,61
132,62
132,139
132,141
132,143
132,142
132,144
132,145
132,146
132,66
132,147
132,67
132,148
132,149
132,150
132,70
132,153
132,154
132,155
132,156
132,157
132,158
132,72
132,159
132,22
132,74
132,73
132,196
132,160
132,75
132,161
132,77
132,162
132,80
132,163
132,79
132,164
132,82
132,81
132,166
132,83
132,84
132,169
132,88
132,172
132,17
132,16
132,174
132,90
132,173
132,175
132,91
133,27
133,28
133,4
133,26
133,6
133,29
133,30
133,11
133,31
133,14
133,33
133,34
133,35
133,36
133,37
133,38
133,39
133,40
133,5
133,41
133,42
133,43
133,44
133,45
133,46
133,290
133,47
133,48
133,49
133,50
133,51
133,52
133,53
133,19
133,54
133,55
133,56
133,57
133,58
133,59
133,60
133,61
133,62
133,63
133,64
133,65
133,66
133,67
133,68
133,69
133,70
133,71
133,72
133,22
133,73
133,74
133,75
133,76
133,77
133,78
133,80
133,79
133,82
133,81
133,83
133,84
133,85
133,87
133,86
133,88
133,17
133,89
133,90
133,91
133,92
133,93
133,94
133,95
133,96
133,97
133,98
133,99
133,100
133,101
133,102
133,9
133,103
133,104
133,105
133,106
133,107
133,108
133,109
133,191
133,110
133,111
133,112
133,113
133,8
133,114
133,115
133,116
133,117
133,118
133,119
133,120
133,121
133,122
133,123
133,124
133,125
133,126
133,127
133,128
133,129
133,130
133,131
133,132
133,134
133,135
133,136
133,137
133,138
133,139
133,140
133,141
133,142
133,143
133,144
133,145
133,146
133,147
133,21
133,148
133,149
133,150
133,151
133,152
133,153
133,154
133,155
133,156
133,157
133,158
133,2
133,159
133,195
133,160
133,7
133,161
133,12
133,162
133,163
133,164
133,165
133,166
133,167
133,168
133,169
133,170
133,171
133,172
133,16
133,173
133,174
133,175
134,27
134,28
134,26
134,6
134,29
134,31
134,14
134,33
134,34
134,35
134,37
134,39
134,40
134,41
134,43
134,44
134,46
134,47
134,48
134,49
134,50
134,327
134,56
134,57
134,59
134,60
134,61
134,62
134,63
134,64
134,65
134,67
134,68
134,69
134,71
134,72
134,73
134,74
134,76
134,77
134,78
134,80
134,79
134,82
134,81
134,83
134,87
134,86
134,88
134,17
134,89
134,90
134,91
134,92
134,93
134,94
134,95
134,96
134,97
134,98
134,99
134,100
134,101
134,102
134,104
134,105
134,109
134,111
134,112
134,113
134,8
134,114
134,115
134,116
134,120
134,121
134,122
134,205
134,124
134,125
134,126
134,128
134,129
134,130
134,131
134,133
134,378
134,137
134,138
134,139
134,140
134,141
134,143
134,144
134,145
134,147
134,21
134,148
134,149
134,151
134,152
134,153
134,155
134,156
134,157
134,2
134,160
134,7
134,161
134,12
134,162
134,164
134,201
134,165
134,166
134,167
134,168
134,169
134,170
134,171
134,172
134,16
134,173
134,174
135,92
135,27
135,28
135,95
135,96
135,99
135,100
135,101
135,102
135,6
135,26
135,30
135,103
135,11
135,104
135,14
135,105
135,106
135,107
135,108
135,33
135,34
135,109
135,35
135,36
135,37
135,110
135,111
135,40
135,112
135,113
135,41
135,116
135,115
135,42
135,43
135,117
135,118
135,120
135,46
135,45
135,122
135,121
135,123
135,124
135,50
135,51
135,52
135,54
135,127
135,128
135,55
135,129
135,130
135,133
135,132
135,57
135,56
135,136
135,58
135,62
135,61
135,141
135,139
135,143
135,142
135,144
135,145
135,146
135,66
135,147
135,67
135,148
135,149
135,150
135,70
135,153
135,154
135,155
135,156
135,157
135,158
135,72
135,159
135,22
135,74
135,73
135,160
135,75
135,161
135,77
135,162
135,80
135,163
135,79
135,164
135,82
135,81
135,166
135,83
135,84
135,169
135,88
135,172
135,16
135,174
135,90
135,173
135,175
135,91
136,92
136,27
136,28
136,95
136,96
136,99
136,101
136,100
136,102
136,6
136,26
136,30
136,178
136,103
136,11
136,104
136,14
136,105
136,106
136,107
136,108
136,33
136,34
136,109
136,35
136,36
136,37
136,111
136,110
136,40
136,112
136,113
136,41
136,116
136,115
136,42
136,43
136,117
136,118
136,120
136,46
136,45
136,122
136,121
136,123
136,124
136,50
136,51
136,52
136,430
136,54
136,127
136,128
136,55
136,129
136,130
136,133
136,132
136,135
136,56
136,57
136,58
136,61
136,62
136,139
136,141
136,143
136,142
136,144
136,145
136,146
136,66
136,147
136,67
136,148
136,149
136,150
136,70
136,153
136,154
136,155
136,156
136,157
136,158
136,72
136,159
136,22
136,74
136,73
136,160
136,75
136,161
136,77
136,162
136,80
136,163
136,79
136,164
136,82
136,81
136,166
136,83
136,84
136,169
136,88
136,172
136,171
136,16
136,174
136,90
136,173
136,175
136,91
137,28
137,4
137,26
137,29
137,32
137,33
137,34
137,309
137,35
137,36
137,38
137,39
137,40
137,5
137,41
137,43
137,46
137,47
137,48
137,49
137,50
137,274
137,19
137,253
137,185
137,56
137,61
137,63
137,65
137,67
137,68
137,190
137,69
137,72
137,73
137,74
137,80
137,79
137,81
137,86
137,17
137,90
137,92
137,94
137,97
137,98
137,100
137,104
137,187
137,111
137,113
137,8
137,114
137,116
137,200
137,121
137,124
137,202
137,125
137,128
137,129
137,131
137,286
137,138
137,143
137,144
137,146
137,147
137,153
137,155
137,156
137,195
137,196
137,197
137,161
137,162
137,201
137,165
137,167
137,172
137,16
137,173
137,174
137,27
137,6
137,31
137,14
137,252
137,37
137,193
137,289
137,44
137,391
137,290
137,53
137,327
137,54
137,179
137,3
137,57
137,60
137,59
137,62
137,64
137,189
137,71
137,76
137,77
137,198
137,78
137,297
137,82
137,83
137,87
137,85
137,88
137,89
137,91
137,93
137,95
137,96
137,99
137,101
137,102
137,188
137,109
137,203
137,191
137,192
137,112
137,115
137,204
137,120
137,119
137,122
137,205
137,126
137,304
137,130
137,186
137,134
137,133
137,378
137,141
137,140
137,139
137,145
137,21
137,206
137,148
137,149
137,151
137,152
137,157
137,2
137,275
137,194
137,160
137,7
137,12
137,164
137,166
137,168
137,169
137,170
137,171
138,27
138,322
138,28
138,26
138,6
138,29
138,31
138,14
138,33
138,34
138,35
138,37
138,39
138,41
138,43
138,44
138,46
138,47
138,48
138,49
138,50
138,56
138,57
138,59
138,60
138,61
138,62
138,63
138,64
138,65
138,67
138,68
138,69
138,71
138,72
138,73
138,74
138,76
138,77
138,78
138,80
138,79
138,82
138,81
138,83
138,87
138,86
138,88
138,17
138,89
138,90
138,91
138,92
138,93
138,94
138,95
138,96
138,97
138,98
138,99
138,100
138,101
138,102
138,9
138,104
138,188
138,109
138,111
138,112
138,113
138,8
138,114
138,115
138,116
138,120
138,121
138,122
138,124
138,125
138,126
138,128
138,129
138,130
138,131
138,133
138,134
138,137
138,139
138,140
138,141
138,143
138,144
138,145
138,147
138,21
138,148
138,149
138,151
138,152
138,153
138,155
138,156
138,157
138,2
138,195
138,160
138,7
138,161
138,12
138,164
138,165
138,166
138,167
138,168
138,169
138,170
138,171
138,172
138,16
138,173
138,174
139,27
139,28
139,26
139,6
139,29
139,30
139,11
139,31
139,14
139,33
139,34
139,252
139,35
139,36
139,37
139,38
139,39
139,40
139,5
139,41
139,42
139,43
139,44
139,45
139,46
139,290
139,47
139,48
139,49
139,50
139,51
139,52
139,19
139,53
139,253
139,54
139,327
139,55
139,56
139,57
139,58
139,59
139,60
139,61
139,62
139,63
139,64
139,65
139,66
139,67
139,68
139,69
139,70
139,71
139,72
139,22
139,73
139,74
139,75
139,76
139,77
139,78
139,80
139,79
139,82
139,81
139,83
139,84
139,85
139,87
139,86
139,88
139,17
139,89
139,90
139,91
139,92
139,93
139,94
139,95
139,96
139,97
139,98
139,99
139,100
139,101
139,102
139,9
139,103
139,104
139,105
139,106
139,107
139,108
139,203
139,109
139,110
139,111
139,112
139,113
139,8
139,114
139,115
139,116
139,204
139,117
139,118
139,119
139,120
139,121
139,122
139,123
139,205
139,124
139,125
139,126
139,127
139,128
139,129
139,130
139,131
139,132
139,133
139,134
139,135
139,378
139,136
139,137
139,138
139,140
139,141
139,142
139,143
139,144
139,145
139,146
139,147
139,206
139,21
139,148
139,149
139,150
139,151
139,152
139,153
139,154
139,155
139,156
139,157
139,158
139,2
139,159
139,160
139,7
139,161
139,12
139,245
139,162
139,163
139,164
139,201
139,165
139,166
139,167
139,168
139,169
139,170
139,171
139,172
139,16
139,173
139,174
139,175
140,27
140,28
140,323
140,26
140,6
140,29
140,31
140,14
140,33
140,34
140,35
140,37
140,39
140,41
140,326
140,43
140,44
140,46
140,47
140,48
140,49
140,50
140,54
140,280
140,185
140,56
140,57
140,58
140,59
140,60
140,61
140,62
140,63
140,64
140,65
140,295
140,67
140,68
140,69
140,71
140,72
140,73
140,74
140,76
140,77
140,199
140,78
140,80
140,79
140,82
140,81
140,83
140,87
140,86
140,88
140,17
140,89
140,90
140,91
140,92
140,93
140,94
140,95
140,96
140,212
140,97
140,98
140,99
140,100
140,101
140,102
140,9
140,104
140,108
140,109
140,111
140,112
140,113
140,283
140,8
140,114
140,115
140,116
140,120
140,121
140,122
140,124
140,125
140,126
140,128
140,129
140,285
140,130
140,131
140,133
140,134
140,137
140,138
140,139
140,141
140,143
140,144
140,145
140,147
140,21
140,148
140,149
140,151
140,152
140,153
140,155
140,156
140,157
140,2
140,159
140,196
140,160
140,7
140,197
140,161
140,12
140,164
140,165
140,166
140,167
140,168
140,338
140,169
140,170
140,171
140,172
140,16
140,173
140,174
141,27
141,28
141,323
141,26
141,6
141,29
141,30
141,11
141,31
141,14
141,33
141,34
141,35
141,36
141,37
141,39
141,40
141,41
141,42
141,43
141,44
141,45
141,46
141,47
141,48
141,49
141,50
141,51
141,52
141,54
141,55
141,56
141,57
141,58
141,59
141,60
141,61
141,62
141,63
141,64
141,65
141,66
141,67
141,68
141,69
141,70
141,71
141,72
141,22
141,73
141,74
141,75
141,76
141,77
141,78
141,80
141,79
141,82
141,81
141,83
141,84
141,87
141,86
141,88
141,17
141,89
141,90
141,91
141,92
141,93
141,94
141,95
141,96
141,97
141,98
141,99
141,100
141,101
141,102
141,103
141,104
141,105
141,106
141,107
141,108
141,109
141,110
141,111
141,112
141,113
141,8
141,114
141,115
141,116
141,117
141,118
141,120
141,121
141,122
141,123
141,124
141,125
141,126
141,127
141,128
141,129
141,130
141,131
141,132
141,133
141,134
141,135
141,136
141,137
141,138
141,139
141,140
141,142
141,143
141,144
141,145
141,146
141,147
141,21
141,148
141,149
141,150
141,151
141,152
141,153
141,154
141,155
141,156
141,157
141,158
141,2
141,159
141,196
141,160
141,7
141,161
141,12
141,162
141,163
141,164
141,165
141,166
141,167
141,168
141,338
141,169
141,170
141,171
141,172
141,16
141,173
141,174
141,175
142,92
142,27
142,28
142,95
142,96
142,99
142,100
142,101
142,102
142,6
142,26
142,30
142,103
142,11
142,104
142,14
142,105
142,106
142,107
142,108
142,33
142,34
142,109
142,35
142,36
142,37
142,110
142,111
142,40
142,112
142,113
142,41
142,116
142,115
142,42
142,43
142,117
142,118
142,120
142,46
142,45
142,122
142,121
142,123
142,124
142,50
142,51
142,52
142,54
142,127
142,128
142,55
142,129
142,130
142,133
142,132
142,135
142,57
142,56
142,136
142,58
142,62
142,61
142,141
142,139
142,143
142,144
142,145
142,146
142,66
142,147
142,67
142,148
142,149
142,150
142,70
142,153
142,154
142,155
142,156
142,157
142,158
142,72
142,159
142,22
142,74
142,73
142,160
142,75
142,161
142,77
142,162
142,80
142,163
142,79
142,164
142,82
142,81
142,166
142,83
142,84
142,169
142,88
142,172
142,16
142,174
142,90
142,173
142,175
142,91
143,27
143,28
143,323
143,4
143,26
143,6
143,29
143,30
143,11
143,220
143,31
143,14
143,33
143,34
143,35
143,36
143,37
143,39
143,40
143,41
143,42
143,43
143,44
143,45
143,46
143,47
143,48
143,49
143,50
143,51
143,52
143,19
143,54
143,55
143,280
143,56
143,57
143,58
143,59
143,60
143,61
143,62
143,63
143,64
143,65
143,66
143,67
143,68
143,69
143,70
143,71
143,72
143,22
143,73
143,74
143,75
143,76
143,77
143,78
143,80
143,79
143,82
143,81
143,83
143,84
143,87
143,86
143,88
143,17
143,89
143,90
143,91
143,92
143,93
143,94
143,95
143,96
143,97
143,98
143,99
143,100
143,101
143,102
143,103
143,104
143,105
143,106
143,107
143,108
143,109
143,110
143,111
143,112
143,113
143,283
143,8
143,114
143,115
143,116
143,117
143,118
143,120
143,121
143,122
143,123
143,124
143,125
143,126
143,127
143,128
143,129
143,130
143,131
143,132
143,133
143,134
143,135
143,136
143,137
143,138
143,139
143,140
143,141
143,142
143,144
143,145
143,146
143,147
143,21
143,148
143,149
143,150
143,151
143,152
143,153
143,154
143,155
143,156
143,157
143,158
143,2
143,159
143,196
143,160
143,7
143,161
143,12
143,162
143,163
143,164
143,165
143,166
143,167
143,168
143,169
143,170
143,171
143,172
143,16
143,173
143,174
143,175
144,28
144,4
144,26
144,29
144,30
144,11
144,33
144,34
144,309
144,35
144,36
144,38
144,39
144,40
144,5
144,41
144,43
144,46
144,47
144,48
144,49
144,50
144,19
144,55
144,185
144,280
144,56
144,61
144,63
144,65
144,66
144,67
144,68
144,69
144,70
144,72
144,314
144,22
144,73
144,74
144,80
144,79
144,81
144,86
144,17
144,90
144,92
144,94
144,97
144,98
144,100
144,103
144,104
144,106
144,318
144,107
144,111
144,113
144,8
144,114
144,116
144,117
144,118
144,121
144,124
144,125
144,127
144,128
144,129
144,131
144,132
144,136
144,138
144,143
144,146
144,147
144,153
144,155
144,156
144,159
144,196
144,161
144,162
144,163
144,165
144,167
144,172
144,16
144,173
144,174
144,175
144,27
144,323
144,6
144,31
144,14
144,37
144,326
144,44
144,42
144,45
144,51
144,53
144,52
144,54
144,57
144,58
144,60
144,59
144,62
144,64
144,330
144,71
144,257
144,76
144,75
144,77
144,78
144,82
144,83
144,87
144,85
144,84
144,88
144,89
144,91
144,93
144,95
144,96
144,99
144,101
144,102
144,105
144,108
144,188
144,109
144,303
144,110
144,112
144,115
144,120
144,119
144,122
144,123
144,126
144,130
144,134
144,133
144,135
144,137
144,141
144,140
144,139
144,142
144,145
144,21
144,148
144,149
144,150
144,151
144,152
144,157
144,154
144,158
144,2
144,160
144,7
144,244
144,12
144,164
144,166
144,168
144,169
144,339
144,170
144,171
145,27
145,28
145,26
145,6
145,29
145,30
145,11
145,31
145,14
145,33
145,34
145,252
145,35
145,36
145,37
145,39
145,40
145,41
145,42
145,43
145,44
145,45
145,46
145,290
145,47
145,48
145,49
145,50
145,51
145,19
145,52
145,253
145,54
145,327
145,55
145,56
145,57
145,58
145,59
145,60
145,61
145,62
145,63
145,64
145,65
145,66
145,67
145,68
145,69
145,70
145,71
145,72
145,22
145,73
145,74
145,75
145,76
145,77
145,78
145,80
145,79
145,82
145,81
145,83
145,84
145,87
145,86
145,88
145,17
145,89
145,90
145,91
145,92
145,93
145,94
145,95
145,96
145,97
145,98
145,99
145,100
145,101
145,102
145,9
145,103
145,104
145,105
145,106
145,107
145,108
145,203
145,109
145,110
145,111
145,112
145,113
145,8
145,114
145,115
145,116
145,204
145,117
145,118
145,120
145,121
145,122
145,123
145,205
145,124
145,125
145,126
145,127
145,128
145,129
145,130
145,131
145,132
145,133
145,134
145,135
145,378
145,136
145,137
145,138
145,139
145,140
145,141
145,142
145,143
145,144
145,146
145,147
145,206
145,21
145,148
145,149
145,150
145,151
145,152
145,153
145,154
145,155
145,156
145,157
145,158
145,2
145,159
145,160
145,7
145,161
145,12
145,245
145,162
145,163
145,164
145,201
145,165
145,166
145,167
145,168
145,169
145,170
145,171
145,172
145,16
145,173
145,174
145,175
146,27
146,28
146,4
146,6
146,26
146,30
146,220
146,11
146,14
146,33
146,34
146,35
146,36
146,37
146,40
146,289
146,41
146,44
146,42
146,43
146,391
146,46
146,45
146,290
146,49
146,50
146,51
146,52
146,19
146,54
146,55
146,56
146,57
146,58
146,61
146,62
146,66
146,67
146,70
146,72
146,22
146,74
146,73
146,75
146,77
146,297
146,79
146,80
146,82
146,81
146,83
146,84
146,88
146,17
146,90
146,91
146,92
146,95
146,96
146,99
146,100
146,101
146,102
146,103
146,104
146,105
146,106
146,108
146,107
146,188
146,109
146,110
146,111
146,112
146,113
146,115
146,116
146,117
146,120
146,118
146,121
146,122
146,123
146,124
146,127
146,304
146,128
146,129
146,130
146,133
146,132
146,135
146,136
146,137
146,141
146,139
146,142
146,143
146,144
146,145
146,147
146,148
146,149
146,150
146,153
146,157
146,156
146,155
146,154
146,158
146,159
146,195
146,160
146,161
146,162
146,163
146,164
146,166
146,169
146,339
146,172
146,16
146,174
146,173
146,175
147,27
147,28
147,4
147,26
147,6
147,29
147,30
147,11
147,220
147,31
147,14
147,32
147,33
147,34
147,35
147,36
147,37
147,288
147,39
147,40
147,5
147,41
147,326
147,42
147,43
147,44
147,45
147,46
147,47
147,48
147,49
147,50
147,51
147,52
147,19
147,54
147,55
147,56
147,57
147,58
147,59
147,60
147,61
147,62
147,63
147,64
147,65
147,66
147,67
147,68
147,69
147,70
147,71
147,72
147,22
147,73
147,74
147,75
147,76
147,77
147,78
147,80
147,79
147,82
147,81
147,83
147,84
147,87
147,86
147,88
147,17
147,89
147,90
147,91
147,92
147,93
147,94
147,95
147,96
147,97
147,98
147,99
147,100
147,101
147,102
147,103
147,104
147,105
147,106
147,107
147,108
147,109
147,110
147,111
147,112
147,113
147,8
147,114
147,115
147,116
147,117
147,118
147,120
147,121
147,122
147,123
147,124
147,125
147,126
147,127
147,128
147,129
147,130
147,131
147,132
147,133
147,134
147,135
147,136
147,137
147,138
147,139
147,140
147,141
147,142
147,143
147,144
147,145
147,146
147,21
147,148
147,149
147,150
147,151
147,152
147,153
147,154
147,155
147,156
147,157
147,158
147,2
147,159
147,160
147,7
147,161
147,12
147,162
147,163
147,164
147,165
147,166
147,167
147,168
147,169
147,170
147,171
147,172
147,16
147,173
147,174
147,175
148,27
148,28
148,26
148,6
148,29
148,30
148,11
148,31
148,14
148,33
148,34
148,35
148,36
148,37
148,38
148,39
148,40
148,5
148,41
148,42
148,43
148,44
148,45
148,46
148,290
148,47
148,48
148,49
148,50
148,51
148,52
148,19
148,53
148,54
148,55
148,56
148,57
148,58
148,59
148,60
148,61
148,62
148,63
148,64
148,65
148,66
148,67
148,68
148,69
148,70
148,71
148,72
148,22
148,73
148,74
148,75
148,76
148,77
148,78
148,80
148,79
148,82
148,81
148,83
148,84
148,85
148,87
148,86
148,88
148,17
148,89
148,90
148,91
148,92
148,93
148,94
148,95
148,96
148,97
148,98
148,99
148,100
148,101
148,102
148,9
148,103
148,104
148,105
148,106
148,107
148,108
148,109
148,191
148,110
148,111
148,112
148,113
148,8
148,114
148,115
148,116
148,117
148,118
148,119
148,120
148,121
148,122
148,123
148,124
148,125
148,126
148,127
148,128
148,129
148,130
148,131
148,132
148,133
148,134
148,135
148,136
148,137
148,138
148,139
148,140
148,141
148,142
148,143
148,144
148,145
148,146
148,147
148,21
148,149
148,150
148,151
148,152
148,153
148,154
148,155
148,156
148,157
148,158
148,2
148,159
148,160
148,7
148,161
148,12
148,162
148,163
148,164
148,165
148,166
148,167
148,168
148,169
148,170
148,171
148,172
148,16
148,173
148,174
148,175
149,27
149,28
149,4
149,26
149,6
149,29
149,30
149,11
149,324
149,31
149,14
149,33
149,34
149,309
149,35
149,36
149,37
149,232
149,39
149,40
149,41
149,326
149,42
149,43
149,44
149,45
149,46
149,47
149,48
149,49
149,50
149,51
149,52
149,19
149,54
149,55
149,255
149,56
149,57
149,58
149,294
149,59
149,60
149,61
149,62
149,63
149,64
149,312
149,65
149,66
149,67
149,68
149,69
149,70
149,71
149,72
149,22
149,73
149,74
149,75
149,76
149,77
149,78
149,80
149,79
149,82
149,81
149,83
149,84
149,87
149,86
149,88
149,17
149,89
149,90
149,298
149,91
149,92
149,93
149,94
149,95
149,96
149,97
149,98
149,99
149,100
149,101
149,102
149,103
149,104
149,105
149,106
149,107
149,108
149,109
149,191
149,110
149,111
149,112
149,113
149,8
149,114
149,115
149,116
149,117
149,118
149,120
149,200
149,121
149,122
149,123
149,124
149,202
149,125
149,126
149,127
149,128
149,129
149,130
149,131
149,132
149,133
149,134
149,135
149,136
149,137
149,138
149,139
149,140
149,141
149,142
149,143
149,144
149,145
149,146
149,147
149,21
149,148
149,150
149,151
149,152
149,153
149,154
149,155
149,156
149,157
149,158
149,2
149,159
149,160
149,7
149,161
149,12
149,162
149,163
149,164
149,165
149,166
149,167
149,168
149,169
149,170
149,171
149,172
149,16
149,173
149,174
149,175
150,27
150,28
150,4
150,6
150,26
150,30
150,11
150,14
150,33
150,34
150,35
150,36
150,37
150,288
150,40
150,41
150,326
150,42
150,43
150,278
150,46
150,45
150,50
150,51
150,52
150,19
150,54
150,55
150,56
150,57
150,58
150,61
150,62
150,66
150,67
150,70
150,72
150,22
150,74
150,73
150,75
150,77
150,79
150,80
150,82
150,81
150,83
150,84
150,88
150,90
150,91
150,92
150,316
150,94
150,95
150,96
150,99
150,100
150,101
150,102
150,103
150,104
150,105
150,106
150,108
150,107
150,109
150,110
150,111
150,112
150,113
150,115
150,116
150,117
150,118
150,120
150,121
150,122
150,123
150,124
150,127
150,128
150,129
150,130
150,133
150,132
150,135
150,136
150,141
150,139
150,142
150,143
150,144
150,145
150,147
150,146
150,21
150,148
150,149
150,153
150,157
150,156
150,155
150,154
150,158
150,159
150,160
150,161
150,244
150,162
150,163
150,164
150,166
150,169
150,172
150,16
150,174
150,173
150,175
151,27
151,28
151,26
151,6
151,29
151,31
151,14
151,33
151,34
151,35
151,36
151,37
151,38
151,39
151,5
151,41
151,43
151,44
151,46
151,47
151,48
151,49
151,50
151,19
151,53
151,54
151,3
151,56
151,57
151,59
151,60
151,61
151,62
151,63
151,64
151,65
151,67
151,68
151,69
151,71
151,72
151,73
151,74
151,76
151,77
151,78
151,80
151,79
151,82
151,81
151,83
151,85
151,87
151,86
151,88
151,17
151,89
151,90
151,298
151,91
151,92
151,93
151,94
151,95
151,96
151,97
151,98
151,99
151,100
151,101
151,102
151,9
151,104
151,301
151,109
151,111
151,112
151,113
151,8
151,114
151,115
151,116
151,119
151,120
151,121
151,122
151,124
151,202
151,125
151,126
151,128
151,129
151,130
151,215
151,131
151,133
151,134
151,137
151,138
151,139
151,140
151,141
151,143
151,144
151,145
151,147
151,21
151,148
151,149
151,152
151,153
151,155
151,156
151,157
151,2
151,194
151,195
151,160
151,7
151,161
151,12
151,162
151,164
151,165
151,166
151,167
151,168
151,169
151,170
151,171
151,172
151,16
151,173
151,174
152,27
152,28
152,26
152,6
152,29
152,31
152,14
152,33
152,34
152,35
152,37
152,39
152,41
152,43
152,44
152,46
152,47
152,48
152,49
152,50
152,56
152,57
152,59
152,60
152,61
152,62
152,63
152,64
152,65
152,67
152,68
152,69
152,71
152,72
152,73
152,74
152,76
152,77
152,78
152,80
152,79
152,82
152,81
152,83
152,87
152,86
152,88
152,17
152,89
152,90
152,91
152,92
152,93
152,94
152,95
152,96
152,97
152,98
152,99
152,100
152,101
152,102
152,104
152,109
152,111
152,112
152,113
152,8
152,114
152,115
152,116
152,120
152,121
152,122
152,124
152,125
152,126
152,128
152,129
152,130
152,131
152,133
152,134
152,137
152,138
152,139
152,140
152,141
152,143
152,144
152,145
152,147
152,21
152,148
152,149
152,151
152,153
152,155
152,156
152,157
152,2
152,160
152,7
152,161
152,12
152,164
152,165
152,166
152,167
152,168
152,169
152,170
152,171
152,172
152,16
152,173
152,174
153,27
153,28
153,26
153,6
153,29
153,30
153,11
153,31
153,14
153,33
153,34
153,35
153,36
153,37
153,38
153,39
153,40
153,5
153,41
153,42
153,43
153,44
153,45
153,46
153,47
153,48
153,49
153,50
153,51
153,52
153,19
153,53
153,54
153,55
153,56
153,57
153,58
153,59
153,60
153,61
153,62
153,63
153,64
153,65
153,66
153,67
153,68
153,69
153,70
153,71
153,72
153,22
153,73
153,74
153,75
153,76
153,77
153,78
153,80
153,79
153,82
153,81
153,83
153,84
153,85
153,87
153,86
153,88
153,17
153,89
153,90
153,91
153,92
153,93
153,94
153,95
153,96
153,97
153,98
153,99
153,100
153,101
153,102
153,103
153,104
153,105
153,106
153,107
153,108
153,109
153,110
153,192
153,111
153,112
153,113
153,8
153,114
153,115
153,116
153,117
153,118
153,119
153,120
153,121
153,122
153,123
153,124
153,125
153,126
153,127
153,128
153,129
153,130
153,131
153,132
153,133
153,134
153,135
153,136
153,137
153,138
153,139
153,140
153,141
153,142
153,143
153,144
153,145
153,146
153,147
153,21
153,148
153,149
153,150
153,151
153,152
153,154
153,155
153,156
153,157
153,158
153,2
153,159
153,160
153,7
153,161
153,12
153,162
153,163
153,164
153,165
153,166
153,167
153,168
153,169
153,170
153,171
153,172
153,16
153,173
153,174
153,175
154,92
154,27
154,28
154,95
154,96
154,99
154,101
154,100
154,102
154,6
154,26
154,30
154,103
154,11
154,104
154,14
154,105
154,106
154,107
154,108
154,33
154,34
154,109
154,35
154,36
154,37
154,110
154,111
154,429
154,40
154,112
154,113
154,41
154,116
154,115
154,243
154,42
154,43
154,117
154,118
154,120
154,46
154,45
154,122
154,121
154,123
154,124
154,50
154,51
154,52
154,54
154,127
154,128
154,55
154,129
154,130
154,133
154,132
154,135
154,57
154,56
154,136
154,58
154,62
154,61
154,141
154,139
154,143
154,142
154,144
154,145
154,146
154,66
154,147
154,67
154,432
154,148
154,149
154,150
154,70
154,153
154,155
154,156
154,157
154,158
154,72
154,159
154,22
154,74
154,73
154,160
154,75
154,161
154,77
154,162
154,80
154,163
154,79
154,164
154,82
154,81
154,166
154,83
154,84
154,169
154,88
154,171
154,172
154,16
154,174
154,90
154,173
154,175
154,91
155,27
155,28
155,26
155,6
155,29
155,30
155,11
155,31
155,14
155,33
155,34
155,35
155,36
155,37
155,39
155,40
155,41
155,42
155,43
155,44
155,45
155,46
155,47
155,48
155,49
155,50
155,51
155,52
155,54
155,55
155,56
155,57
155,58
155,59
155,60
155,61
155,62
155,63
155,64
155,65
155,66
155,67
155,68
155,69
155,70
155,71
155,72
155,22
155,73
155,74
155,75
155,76
155,77
155,78
155,80
155,79
155,82
155,81
155,83
155,84
155,87
155,86
155,88
155,17
155,89
155,90
155,91
155,92
155,93
155,94
155,95
155,96
155,97
155,98
155,99
155,100
155,101
155,102
155,103
155,104
155,105
155,106
155,107
155,108
155,109
155,110
155,111
155,112
155,113
155,8
155,114
155,115
155,116
155,117
155,118
155,120
155,121
155,122
155,123
155,124
155,125
155,126
155,127
155,128
155,129
155,130
155,131
155,132
155,133
155,134
155,135
155,136
155,137
155,138
155,139
155,140
155,141
155,142
155,143
155,144
155,145
155,146
155,147
155,21
155,148
155,149
155,150
155,151
155,152
155,153
155,154
155,156
155,157
155,158
155,2
155,159
155,160
155,7
155,161
155,12
155,162
155,163
155,164
155,165
155,166
155,167
155,168
155,169
155,170
155,171
155,172
155,16
155,173
155,174
155,175
156,27
156,28
156,4
156,26
156,6
156,29
156,30
156,11
156,31
156,14
156,33
156,34
156,35
156,36
156,37
156,39
156,40
156,41
156,42
156,43
156,44
156,45
156,46
156,47
156,48
156,49
156,50
156,51
156,19
156,52
156,54
156,55
156,56
156,57
156,58
156,59
156,60
156,61
156,62
156,63
156,64
156,65
156,66
156,67
156,68
156,69
156,70
156,71
156,72
156,22
156,73
156,74
156,75
156,76
156,77
156,78
156,80
156,79
156,82
156,81
156,83
156,84
156,87
156,86
156,88
156,17
156,89
156,90
156,91
156,92
156,93
156,94
156,95
156,96
156,97
156,98
156,99
156,100
156,101
156,102
156,103
156,104
156,105
156,106
156,107
156,108
156,109
156,110
156,111
156,112
156,113
156,8
156,114
156,115
156,116
156,117
156,118
156,120
156,121
156,122
156,123
156,124
156,125
156,126
156,127
156,128
156,129
156,130
156,131
156,132
156,133
156,134
156,135
156,136
156,137
156,138
156,139
156,140
156,141
156,142
156,143
156,144
156,145
156,146
156,147
156,21
156,148
156,149
156,150
156,151
156,152
156,153
156,154
156,155
156,157
156,158
156,2
156,159
156,160
156,7
156,161
156,12
156,162
156,163
156,164
156,165
156,166
156,167
156,168
156,169
156,170
156,171
156,172
156,16
156,173
156,174
156,175
157,27
157,28
157,323
157,4
157,26
157,6
157,29
157,30
157,11
157,31
157,14
157,349
157,33
157,34
157,35
157,36
157,37
157,38
157,39
157,398
157,40
157,5
157,41
157,42
157,43
157,44
157,45
157,46
157,47
157,48
157,49
157,50
157,51
157,52
157,53
157,19
157,54
157,311
157,55
157,56
157,57
157,58
157,59
157,60
157,61
157,62
157,63
157,64
157,65
157,66
157,67
157,68
157,69
157,70
157,71
157,72
157,22
157,73
157,74
157,75
157,76
157,77
157,315
157,78
157,80
157,79
157,82
157,81
157,83
157,84
157,85
157,87
157,86
157,88
157,17
157,89
157,90
157,91
157,92
157,348
157,93
157,299
157,94
157,95
157,96
157,97
157,98
157,99
157,100
157,101
157,102
157,103
157,104
157,105
157,106
157,107
157,108
157,109
157,110
157,111
157,112
157,113
157,283
157,8
157,114
157,115
157,116
157,117
157,118
157,119
157,120
157,200
157,121
157,122
157,123
157,124
157,125
157,126
157,127
157,128
157,129
157,130
157,131
157,132
157,133
157,134
157,135
157,136
157,137
157,138
157,139
157,140
157,141
157,142
157,143
157,144
157,145
157,146
157,147
157,21
157,148
157,149
157,150
157,151
157,152
157,153
157,154
157,155
157,156
157,158
157,2
157,159
157,196
157,160
157,7
157,161
157,12
157,162
157,163
157,164
157,165
157,166
157,167
157,168
157,169
157,170
157,171
157,172
157,16
157,173
157,174
157,175
158,27
158,28
158,6
158,26
158,30
158,11
158,14
158,33
158,34
158,35
158,36
158,37
158,40
158,41
158,42
158,43
158,46
158,45
158,50
158,51
158,52
158,19
158,54
158,55
158,179
158,3
158,57
158,56
158,58
158,61
158,62
158,63
158,66
158,67
158,70
158,72
158,22
158,74
158,73
158,75
158,77
158,80
158,79
158,81
158,82
158,83
158,84
158,86
158,85
158,88
158,90
158,91
158,92
158,95
158,96
158,99
158,100
158,101
158,102
158,103
158,104
158,105
158,106
158,108
158,107
158,109
158,1
158,110
158,111
158,112
158,113
158,115
158,116
158,10
158,117
158,120
158,118
158,121
158,122
158,123
158,124
158,127
158,128
158,129
158,130
158,133
158,132
158,135
158,136
158,141
158,139
158,142
158,143
158,144
158,145
158,147
158,146
158,148
158,149
158,150
158,153
158,157
158,156
158,155
158,154
158,159
158,194
158,160
158,7
158,161
158,162
158,163
158,164
158,166
158,169
158,172
158,16
158,173
158,174
158,175
159,27
159,28
159,323
159,4
159,26
159,6
159,30
159,11
159,14
159,33
159,34
159,35
159,36
159,37
159,40
159,41
159,326
159,42
159,43
159,46
159,45
159,50
159,51
159,52
159,54
159,55
159,185
159,280
159,56
159,57
159,58
159,61
159,62
159,66
159,67
159,70
159,72
159,22
159,74
159,73
159,75
159,77
159,80
159,79
159,82
159,81
159,83
159,84
159,88
159,90
159,91
159,92
159,95
159,96
159,99
159,100
159,101
159,102
159,103
159,104
159,105
159,106
159,108
159,107
159,109
159,110
159,111
159,112
159,113
159,283
159,115
159,116
159,117
159,120
159,118
159,121
159,122
159,123
159,124
159,127
159,128
159,129
159,285
159,130
159,133
159,132
159,135
159,340
159,136
159,140
159,141
159,139
159,142
159,143
159,144
159,145
159,147
159,146
159,148
159,149
159,150
159,153
159,157
159,156
159,155
159,154
159,158
159,196
159,160
159,197
159,161
159,162
159,163
159,164
159,341
159,166
159,169
159,172
159,16
159,174
159,173
159,175
160,28
160,4
160,29
160,26
160,30
160,11
160,33
160,34
160,35
160,36
160,38
160,39
160,40
160,5
160,41
160,43
160,46
160,47
160,48
160,269
160,258
160,49
160,50
160,19
160,55
160,280
160,56
160,61
160,63
160,65
160,66
160,67
160,68
160,69
160,70
160,72
160,22
160,262
160,73
160,74
160,80
160,79
160,81
160,86
160,17
160,90
160,92
160,94
160,97
160,98
160,100
160,103
160,104
160,106
160,107
160,111
160,113
160,263
160,8
160,114
160,116
160,117
160,118
160,200
160,121
160,267
160,271
160,124
160,202
160,125
160,127
160,128
160,129
160,261
160,131
160,132
160,264
160,136
160,138
160,143
160,144
160,268
160,146
160,147
160,153
160,155
160,156
160,159
160,161
160,162
160,163
160,165
160,167
160,172
160,16
160,173
160,174
160,175
160,27
160,6
160,31
160,324
160,14
160,37
160,44
160,42
160,45
160,51
160,53
160,52
160,54
160,260
160,57
160,58
160,60
160,59
160,294
160,62
160,64
160,71
160,76
160,75
160,77
160,78
160,82
160,83
160,87
160,85
160,84
160,88
160,89
160,91
160,93
160,95
160,96
160,99
160,101
160,102
160,407
160,105
160,266
160,108
160,188
160,109
160,259
160,409
160,110
160,112
160,115
160,120
160,119
160,265
160,122
160,123
160,126
160,130
160,408
160,134
160,133
160,135
160,137
160,141
160,140
160,139
160,142
160,145
160,21
160,148
160,270
160,149
160,150
160,151
160,152
160,157
160,154
160,158
160,2
160,7
160,12
160,164
160,166
160,168
160,169
160,170
160,171
161,27
161,28
161,26
161,6
161,29
161,30
161,11
161,31
161,14
161,33
161,34
161,35
161,36
161,37
161,38
161,39
161,40
161,5
161,41
161,42
161,43
161,44
161,45
161,46
161,47
161,48
161,49
161,50
161,51
161,52
161,53
161,19
161,54
161,55
161,56
161,57
161,58
161,59
161,60
161,61
161,62
161,63
161,64
161,65
161,66
161,67
161,68
161,69
161,70
161,71
161,72
161,22
161,73
161,74
161,75
161,76
161,77
161,78
161,80
161,79
161,82
161,81
161,83
161,84
161,85
161,87
161,86
161,88
161,17
161,89
161,90
161,91
161,92
161,93
161,94
161,95
161,96
161,97
161,98
161,99
161,100
161,101
161,102
161,103
161,104
161,105
161,106
161,107
161,108
161,109
161,110
161,111
161,112
161,113
161,8
161,114
161,115
161,116
161,117
161,118
161,119
161,120
161,121
161,122
161,123
161,124
161,125
161,126
161,127
161,128
161,129
161,130
161,131
161,132
161,133
161,134
161,135
161,136
161,137
161,138
161,139
161,140
161,141
161,142
161,143
161,144
161,145
161,146
161,147
161,21
161,148
161,149
161,150
161,151
161,152
161,153
161,154
161,155
161,156
161,157
161,158
161,2
161,159
161,160
161,7
161,12
161,162
161,163
161,164
161,165
161,166
161,167
161,168
161,169
161,170
161,171
161,172
161,16
161,173
161,174
161,175
162,27
162,322
162,28
162,323
162,6
162,26
162,29
162,30
162,11
162,14
162,33
162,34
162,35
162,36
162,37
162,38
162,39
162,40
162,5
162,41
162,326
162,42
162,43
162,44
162,45
162,46
162,47
162,50
162,51
162,52
162,53
162,19
162,54
162,327
162,55
162,56
162,57
162,58
162,62
162,61
162,63
162,64
162,66
162,67
162,69
162,70
162,71
162,72
162,22
162,74
162,73
162,75
162,77
162,78
162,80
162,79
162,82
162,81
162,83
162,84
162,85
162,88
162,17
162,90
162,91
162,92
162,95
162,96
162,99
162,101
162,100
162,102
162,103
162,104
162,105
162,106
162,108
162,107
162,109
162,111
162,110
162,112
162,113
162,8
162,115
162,116
162,117
162,118
162,120
162,119
162,121
162,122
162,123
162,124
162,205
162,125
162,127
162,128
162,129
162,130
162,132
162,134
162,133
162,135
162,378
162,136
162,137
162,139
162,141
162,143
162,142
162,144
162,145
162,146
162,147
162,21
162,148
162,149
162,150
162,151
162,153
162,154
162,155
162,156
162,157
162,158
162,159
162,196
162,160
162,7
162,161
162,163
162,164
162,166
162,165
162,167
162,201
162,338
162,169
162,172
162,16
162,174
162,173
162,175
163,92
163,27
163,28
163,95
163,96
163,99
163,101
163,100
163,102
163,6
163,26
163,30
163,103
163,11
163,104
163,14
163,105
163,106
163,107
163,108
163,33
163,34
163,109
163,35
163,36
163,37
163,110
163,111
163,40
163,112
163,113
163,41
163,116
163,115
163,42
163,43
163,117
163,118
163,120
163,46
163,45
163,122
163,121
163,123
163,124
163,50
163,51
163,52
163,54
163,127
163,128
163,55
163,129
163,130
163,133
163,132
163,135
163,57
163,56
163,136
163,58
163,62
163,61
163,141
163,139
163,143
163,142
163,144
163,145
163,146
163,66
163,147
163,67
163,148
163,149
163,150
163,70
163,153
163,154
163,155
163,156
163,157
163,158
163,72
163,159
163,22
163,74
163,73
163,160
163,75
163,161
163,77
163,162
163,80
163,79
163,164
163,82
163,81
163,166
163,83
163,84
163,169
163,88
163,172
163,16
163,174
163,90
163,173
163,175
163,91
164,27
164,28
164,4
164,26
164,6
164,29
164,30
164,11
164,31
164,14
164,33
164,34
164,309
164,35
164,36
164,37
164,38
164,39
164,40
164,289
164,5
164,41
164,42
164,43
164,44
164,45
164,46
164,290
164,47
164,48
164,49
164,50
164,51
164,52
164,53
164,19
164,54
164,55
164,56
164,57
164,58
164,59
164,60
164,61
164,62
164,63
164,64
164,65
164,66
164,67
164,68
164,69
164,70
164,71
164,72
164,22
164,73
164,74
164,75
164,76
164,77
164,78
164,297
164,80
164,79
164,82
164,81
164,83
164,84
164,85
164,87
164,86
164,88
164,17
164,89
164,90
164,91
164,92
164,93
164,94
164,95
164,96
164,97
164,98
164,99
164,100
164,101
164,102
164,218
164,103
164,104
164,105
164,106
164,107
164,108
164,109
164,110
164,111
164,112
164,113
164,8
164,114
164,115
164,116
164,117
164,118
164,119
164,120
164,121
164,122
164,123
164,124
164,125
164,126
164,127
164,304
164,128
164,129
164,214
164,130
164,131
164,132
164,133
164,134
164,135
164,136
164,137
164,138
164,139
164,140
164,141
164,142
164,143
164,144
164,145
164,146
164,147
164,21
164,148
164,149
164,150
164,151
164,152
164,153
164,154
164,155
164,156
164,157
164,158
164,2
164,159
164,160
164,7
164,161
164,12
164,162
164,163
164,165
164,166
164,167
164,168
164,169
164,339
164,170
164,171
164,172
164,16
164,173
164,174
164,175
165,208
165,28
165,4
165,26
165,29
165,33
165,34
165,35
165,277
165,231
165,207
165,39
165,41
165,43
165,46
165,246
165,47
165,48
165,248
165,49
165,50
165,249
165,19
165,209
165,210
165,216
165,56
165,61
165,63
165,225
165,65
165,67
165,68
165,69
165,70
165,72
165,73
165,74
165,80
165,79
165,81
165,86
165,17
165,18
165,90
165,92
165,94
165,212
165,97
165,98
165,100
165,218
165,9
165,104
165,226
165,233
165,111
165,237
165,113
165,8
165,114
165,243
165,116
165,121
165,124
165,250
165,125
165,128
165,129
165,215
165,131
165,221
165,138
165,143
165,144
165,224
165,147
165,227
165,153
165,155
165,156
165,195
165,196
165,241
165,161
165,162
165,167
165,172
165,16
165,173
165,174
165,251
165,27
165,322
165,211
165,323
165,6
165,217
165,178
165,220
165,31
165,14
165,228
165,229
165,37
165,232
165,234
165,240
165,44
165,53
165,3
165,57
165,60
165,59
165,62
165,222
165,64
165,71
165,76
165,77
165,78
165,199
165,82
165,83
165,87
165,88
165,89
165,420
165,91
165,93
165,95
165,96
165,213
165,99
165,101
165,102
165,219
165,223
165,188
165,109
165,230
165,191
165,303
165,235
165,112
165,239
165,115
165,120
165,122
165,126
165,130
165,214
165,134
165,133
165,137
165,141
165,140
165,139
165,145
165,21
165,148
165,149
165,151
165,152
165,157
165,2
165,236
165,238
165,194
165,160
165,7
165,242
165,244
165,12
165,245
165,164
165,166
165,168
165,247
165,169
165,338
165,170
165,171
166,27
166,322
166,28
166,4
166,26
166,6
166,29
166,30
166,11
166,31
166,14
166,417
166,33
166,34
166,35
166,36
166,37
166,39
166,40
166,41
166,42
166,43
166,44
166,45
166,46
166,290
166,47
166,48
166,49
166,50
166,51
166,52
166,19
166,54
166,291
166,55
166,56
166,57
166,58
166,59
166,60
166,61
166,62
166,63
166,64
166,65
166,66
166,67
166,68
166,69
166,70
166,71
166,72
166,22
166,73
166,74
166,75
166,76
166,77
166,78
166,80
166,79
166,82
166,81
166,83
166,84
166,87
166,86
166,88
166,17
166,89
166,90
166,91
166,92
166,93
166,94
166,95
166,96
166,97
166,98
166,99
166,100
166,101
166,102
166,103
166,104
166,105
166,106
166,107
166,108
166,188
166,109
166,191
166,110
166,111
166,112
166,113
166,8
166,114
166,115
166,116
166,117
166,118
166,120
166,121
166,122
166,123
166,124
166,125
166,126
166,284
166,127
166,128
166,129
166,130
166,131
166,132
166,133
166,134
166,135
166,136
166,137
166,138
166,139
166,140
166,141
166,142
166,143
166,144
166,145
166,146
166,147
166,21
166,148
166,149
166,150
166,151
166,152
166,153
166,154
166,155
166,156
166,157
166,158
166,2
166,159
166,160
166,7
166,161
166,12
166,162
166,163
166,164
166,165
166,167
166,168
166,169
166,170
166,171
166,172
166,16
166,173
166,174
166,175
167,27
167,28
167,323
167,26
167,6
167,29
167,31
167,14
167,33
167,34
167,35
167,37
167,39
167,325
167,41
167,43
167,44
167,278
167,46
167,47
167,48
167,49
167,50
167,19
167,56
167,57
167,59
167,60
167,61
167,62
167,63
167,64
167,65
167,67
167,68
167,69
167,71
167,72
167,73
167,74
167,76
167,77
167,78
167,297
167,80
167,79
167,82
167,81
167,83
167,87
167,86
167,88
167,17
167,89
167,90
167,91
167,92
167,93
167,94
167,95
167,96
167,97
167,98
167,99
167,100
167,101
167,102
167,104
167,109
167,111
167,112
167,113
167,8
167,114
167,115
167,116
167,120
167,121
167,122
167,319
167,124
167,125
167,126
167,128
167,129
167,130
167,131
167,133
167,134
167,137
167,138
167,139
167,140
167,141
167,143
167,144
167,145
167,147
167,21
167,148
167,149
167,151
167,152
167,153
167,155
167,156
167,157
167,2
167,196
167,160
167,7
167,161
167,12
167,162
167,164
167,165
167,166
167,168
167,338
167,169
167,170
167,171
167,172
167,16
167,173
167,174
168,27
168,28
168,26
168,6
168,29
168,31
168,14
168,33
168,34
168,35
168,37
168,39
168,41
168,43
168,44
168,46
168,47
168,48
168,49
168,50
168,19
168,56
168,57
168,59
168,60
168,61
168,62
168,63
168,64
168,65
168,67
168,68
168,69
168,71
168,72
168,73
168,74
168,76
168,77
168,78
168,80
168,79
168,82
168,81
168,83
168,87
168,86
168,88
168,17
168,89
168,90
168,91
168,92
168,93
168,94
168,95
168,96
168,97
168,98
168,99
168,100
168,101
168,102
168,104
168,109
168,111
168,112
168,113
168,8
168,114
168,115
168,116
168,120
168,200
168,121
168,122
168,124
168,125
168,126
168,128
168,129
168,130
168,131
168,133
168,134
168,137
168,138
168,139
168,140
168,141
168,143
168,336
168,144
168,145
168,147
168,21
168,148
168,149
168,151
168,152
168,153
168,155
168,156
168,157
168,2
168,160
168,7
168,161
168,12
168,164
168,165
168,166
168,167
168,169
168,170
168,171
168,172
168,16
168,173
168,174
169,27
169,28
169,26
169,6
169,29
169,30
169,11
169,31
169,14
169,33
169,34
169,35
169,36
169,37
169,38
169,39
169,40
169,5
169,41
169,42
169,43
169,44
169,45
169,46
169,47
169,48
169,49
169,50
169,51
169,52
169,19
169,53
169,54
169,55
169,56
169,57
169,58
169,59
169,60
169,61
169,62
169,63
169,64
169,65
169,66
169,67
169,68
169,69
169,70
169,71
169,72
169,22
169,73
169,74
169,75
169,76
169,77
169,78
169,80
169,79
169,82
169,81
169,83
169,84
169,85
169,87
169,86
169,88
169,17
169,89
169,90
169,91
169,92
169,93
169,94
169,95
169,96
169,97
169,98
169,99
169,100
169,101
169,102
169,103
169,104
169,105
169,106
169,107
169,108
169,109
169,110
169,111
169,112
169,113
169,8
169,114
169,115
169,116
169,117
169,118
169,119
169,120
169,121
169,122
169,123
169,124
169,125
169,126
169,127
169,128
169,129
169,130
169,131
169,132
169,133
169,134
169,135
169,136
169,137
169,138
169,139
169,140
169,141
169,142
169,143
169,144
169,145
169,146
169,147
169,21
169,148
169,149
169,150
169,151
169,152
169,153
169,154
169,155
169,156
169,157
169,158
169,2
169,159
169,160
169,7
169,161
169,12
169,162
169,163
169,164
169,165
169,166
169,167
169,168
169,170
169,171
169,172
169,16
169,173
169,174
169,175
170,27
170,28
170,4
170,26
170,6
170,29
170,31
170,14
170,32
170,33
170,34
170,35
170,37
170,39
170,5
170,41
170,43
170,44
170,46
170,47
170,48
170,49
170,50
170,19
170,3
170,56
170,57
170,59
170,60
170,61
170,62
170,63
170,64
170,65
170,67
170,68
170,69
170,71
170,72
170,22
170,73
170,74
170,76
170,77
170,198
170,78
170,80
170,79
170,82
170,81
170,83
170,87
170,86
170,88
170,17
170,89
170,90
170,91
170,92
170,93
170,94
170,95
170,96
170,97
170,98
170,99
170,100
170,101
170,102
170,9
170,104
170,109
170,111
170,112
170,113
170,8
170,114
170,115
170,116
170,120
170,121
170,122
170,124
170,202
170,125
170,126
170,128
170,129
170,130
170,215
170,131
170,133
170,134
170,137
170,138
170,139
170,140
170,141
170,143
170,144
170,145
170,147
170,21
170,148
170,149
170,151
170,152
170,153
170,155
170,156
170,157
170,2
170,194
170,195
170,160
170,7
170,161
170,12
170,164
170,165
170,166
170,167
170,168
170,169
170,171
170,172
170,16
170,173
170,174
171,28
171,377
171,4
171,26
171,29
171,11
171,176
171,33
171,34
171,362
171,309
171,35
171,39
171,398
171,429
171,361
171,5
171,41
171,43
171,278
171,46
171,246
171,47
171,48
171,269
171,258
171,49
171,50
171,253
171,274
171,19
171,430
171,431
171,380
171,342
171,357
171,55
171,209
171,216
171,368
171,56
171,61
171,63
171,312
171,65
171,66
171,67
171,68
171,390
171,69
171,406
171,72
171,22
171,262
171,73
171,74
171,343
171,80
171,79
171,428
171,81
171,86
171,17
171,184
171,90
171,375
171,92
171,348
171,94
171,97
171,98
171,100
171,177
171,356
171,104
171,107
171,226
171,233
171,111
171,113
171,263
171,8
171,114
171,116
171,10
171,117
171,121
171,267
171,319
171,271
171,124
171,202
171,125
171,128
171,374
171,129
171,321
171,261
171,131
171,376
171,264
171,136
171,138
171,143
171,144
171,268
171,147
171,432
171,346
171,153
171,155
171,156
171,197
171,161
171,201
171,165
171,167
171,172
171,383
171,16
171,173
171,174
171,27
171,358
171,181
171,6
171,31
171,14
171,349
171,379
171,252
171,422
171,424
171,37
171,405
171,240
171,325
171,326
171,44
171,425
171,345
171,292
171,179
171,260
171,392
171,359
171,3
171,293
171,57
171,393
171,60
171,59
171,381
171,62
171,64
171,416
171,295
171,272
171,71
171,257
171,76
171,75
171,77
171,198
171,78
171,297
171,82
171,83
171,87
171,88
171,419
171,420
171,89
171,298
171,91
171,93
171,404
171,95
171,96
171,213
171,99
171,101
171,102
171,407
171,400
171,266
171,344
171,394
171,360
171,188
171,301
171,109
171,259
171,230
171,409
171,191
171,192
171,235
171,112
171,182
171,332
171,115
171,265
171,120
171,122
171,205
171,126
171,399
171,408
171,130
171,186
171,256
171,134
171,133
171,137
171,141
171,140
171,139
171,145
171,21
171,270
171,148
171,183
171,149
171,151
171,415
171,152
171,154
171,157
171,180
171,2
171,275
171,238
171,337
171,160
171,7
171,12
171,164
171,166
171,168
171,169
171,170
172,27
172,28
172,26
172,6
172,29
172,30
172,11
172,31
172,14
172,33
172,34
172,252
172,35
172,36
172,37
172,39
172,40
172,41
172,42
172,43
172,44
172,45
172,46
172,290
172,47
172,48
172,49
172,50
172,51
172,52
172,253
172,19
172,54
172,327
172,55
172,56
172,57
172,58
172,59
172,60
172,61
172,62
172,63
172,64
172,312
172,65
172,66
172,67
172,68
172,69
172,70
172,71
172,72
172,22
172,73
172,74
172,75
172,76
172,77
172,78
172,80
172,79
172,82
172,81
172,83
172,84
172,87
172,86
172,88
172,17
172,89
172,90
172,91
172,92
172,93
172,94
172,95
172,96
172,97
172,98
172,99
172,100
172,101
172,102
172,9
172,103
172,104
172,105
172,106
172,107
172,108
172,203
172,109
172,110
172,111
172,112
172,113
172,8
172,114
172,115
172,116
172,204
172,117
172,118
172,120
172,121
172,122
172,123
172,205
172,124
172,125
172,126
172,127
172,128
172,129
172,130
172,131
172,132
172,133
172,134
172,135
172,378
172,136
172,137
172,138
172,139
172,140
172,141
172,142
172,143
172,144
172,145
172,146
172,147
172,206
172,21
172,148
172,149
172,150
172,151
172,152
172,153
172,154
172,155
172,156
172,157
172,158
172,2
172,159
172,160
172,7
172,161
172,12
172,245
172,162
172,163
172,164
172,201
172,165
172,166
172,167
172,168
172,169
172,170
172,171
172,16
172,173
172,174
172,175
173,27
173,28
173,26
173,6
173,29
173,30
173,11
173,31
173,14
173,33
173,34
173,35
173,36
173,37
173,38
173,39
173,40
173,5
173,41
173,42
173,43
173,44
173,45
173,46
173,47
173,48
173,49
173,50
173,51
173,52
173,19
173,53
173,54
173,311
173,55
173,56
173,57
173,58
173,59
173,60
173,61
173,62
173,63
173,329
173,64
173,65
173,66
173,67
173,68
173,69
173,70
173,71
173,72
173,22
173,73
173,74
173,75
173,76
173,77
173,78
173,80
173,79
173,82
173,81
173,83
173,84
173,85
173,87
173,86
173,88
173,17
173,89
173,90
173,91
173,92
173,93
173,94
173,95
173,96
173,213
173,97
173,98
173,99
173,100
173,101
173,102
173,103
173,104
173,105
173,106
173,187
173,107
173,108
173,109
173,110
173,111
173,112
173,113
173,8
173,114
173,115
173,116
173,117
173,118
173,119
173,120
173,121
173,122
173,123
173,124
173,125
173,126
173,127
173,128
173,129
173,130
173,131
173,132
173,133
173,134
173,135
173,136
173,137
173,138
173,139
173,140
173,141
173,142
173,143
173,144
173,145
173,146
173,147
173,21
173,148
173,149
173,150
173,151
173,152
173,153
173,154
173,155
173,156
173,157
173,158
173,2
173,159
173,160
173,7
173,161
173,12
173,162
173,163
173,164
173,363
173,165
173,166
173,167
173,168
173,169
173,170
173,171
173,172
173,16
173,174
173,175
174,27
174,28
174,26
174,6
174,29
174,30
174,11
174,324
174,31
174,14
174,33
174,34
174,35
174,36
174,37
174,39
174,40
174,41
174,42
174,43
174,44
174,45
174,46
174,47
174,48
174,49
174,50
174,51
174,19
174,52
174,54
174,55
174,179
174,3
174,56
174,57
174,58
174,294
174,59
174,60
174,61
174,62
174,63
174,64
174,65
174,66
174,384
174,67
174,68
174,69
174,70
174,71
174,72
174,22
174,73
174,74
174,75
174,76
174,77
174,78
174,80
174,79
174,82
174,81
174,83
174,84
174,87
174,86
174,88
174,17
174,89
174,90
174,91
174,92
174,93
174,94
174,95
174,96
174,97
174,98
174,99
174,100
174,101
174,102
174,103
174,104
174,105
174,106
174,107
174,108
174,109
174,110
174,111
174,112
174,113
174,8
174,114
174,115
174,116
174,10
174,117
174,118
174,120
174,200
174,121
174,122
174,123
174,124
174,202
174,125
174,126
174,127
174,128
174,129
174,130
174,131
174,132
174,133
174,134
174,135
174,136
174,137
174,138
174,139
174,140
174,141
174,142
174,143
174,144
174,145
174,146
174,147
174,21
174,148
174,149
174,150
174,151
174,152
174,153
174,154
174,155
174,156
174,157
174,158
174,2
174,159
174,160
174,7
174,161
174,12
174,162
174,163
174,164
174,165
174,166
174,167
174,168
174,169
174,170
174,171
174,172
174,16
174,173
174,175
175,92
175,27
175,28
175,95
175,96
175,99
175,100
175,101
175,102
175,6
175,26
175,30
175,103
175,11
175,104
175,14
175,105
175,106
175,107
175,108
175,33
175,34
175,109
175,35
175,36
175,37
175,110
175,111
175,40
175,112
175,113
175,41
175,116
175,115
175,42
175,43
175,117
175,118
175,120
175,46
175,45
175,122
175,121
175,123
175,124
175,50
175,51
175,52
175,54
175,127
175,128
175,55
175,129
175,130
175,133
175,132
175,135
175,57
175,56
175,136
175,58
175,62
175,61
175,141
175,139
175,143
175,142
175,144
175,145
175,146
175,66
175,147
175,67
175,148
175,149
175,150
175,70
175,153
175,154
175,155
175,156
175,157
175,158
175,72
175,159
175,22
175,74
175,73
175,160
175,75
175,161
175,77
175,162
175,80
175,163
175,79
175,164
175,82
175,81
175,166
175,83
175,84
175,169
175,88
175,172
175,16
175,174
175,90
175,173
175,91
176,177
176,178
176,179
176,180
176,181
176,182
176,171
176,183
176,184
177,178
177,179
177,180
177,176
177,181
177,182
177,171
177,183
177,184
178,208
178,211
178,97
178,212
178,213
178,181
178,217
178,218
178,219
178,177
178,9
178,220
178,223
178,176
178,226
178,228
178,230
178,229
178,231
178,207
178,1
178,233
178,232
178,234
178,235
178,237
178,182
178,239
178,240
178,273
178,243
178,120
178,246
178,248
178,249
178,250
178,19
178,320
178,179
178,209
178,210
178,214
178,216
178,215
178,136
178,221
178,222
178,224
178,225
178,68
178,227
178,2
178,236
178,238
178,241
178,242
178,244
178,78
178,199
178,245
178,165
178,247
178,87
178,88
178,18
178,184
178,251
179,181
179,426
179,9
179,178
179,177
179,11
179,14
179,176
179,187
179,32
179,188
179,1
179,191
179,39
179,192
179,193
179,182
179,273
179,5
179,44
179,10
179,119
179,200
179,47
179,202
179,320
179,19
179,128
179,185
179,3
179,186
179,56
179,137
179,63
179,21
179,189
179,384
179,183
179,190
179,180
179,158
179,195
179,194
179,196
179,76
179,7
179,197
179,198
179,201
179,86
179,85
179,171
179,16
179,184
179,174
180,179
180,181
180,182
180,4
180,177
180,176
180,171
180,183
180,184
180,251
181,178
181,177
181,179
181,180
181,176
181,182
181,171
181,183
181,184
182,177
182,178
182,179
182,180
182,181
182,176
182,171
182,183
182,184
183,177
183,179
183,180
183,181
183,176
183,182
183,171
183,184
184,177
184,178
184,179
184,180
184,181
184,176
184,182
184,171
184,183
185,54
185,179
185,280
185,99
185,3
185,285
185,323
185,186
185,6
185,137
185,140
185,144
185,187
185,32
185,108
185,21
185,188
185,189
185,190
185,191
185,39
185,192
185,159
185,193
185,194
185,195
185,196
185,283
185,76
185,5
185,197
185,326
185,198
185,44
185,119
185,200
185,201
185,47
185,202
186,357
186,358
186,179
186,185
186,3
186,359
186,216
186,4
186,6
186,137
186,356
186,106
186,187
186,32
186,360
186,188
186,189
186,21
186,190
186,362
186,191
186,39
186,192
186,337
186,238
186,193
186,361
186,195
186,194
186,196
186,5
186,76
186,197
186,198
186,44
186,425
186,119
186,200
186,201
186,47
186,419
186,171
186,420
186,202
186,19
187,311
187,179
187,185
187,3
187,186
187,137
187,223
187,329
187,32
187,21
187,188
187,189
187,190
187,191
187,39
187,192
187,193
187,194
187,195
187,196
187,76
187,5
187,197
187,243
187,198
187,44
187,119
187,200
187,363
187,201
187,47
187,202
187,173
188,322
188,95
188,96
188,101
188,4
188,407
188,9
188,417
188,282
188,187
188,32
188,409
188,191
188,39
188,192
188,193
188,113
188,5
188,44
188,391
188,119
188,200
188,46
188,290
188,47
188,202
188,19
188,179
188,185
188,408
188,3
188,186
188,137
188,138
188,144
188,330
188,146
188,21
188,189
188,190
188,195
188,194
188,196
188,160
188,76
188,197
188,198
188,165
188,166
188,201
188,83
188,171
188,17
189,179
189,191
189,39
189,185
189,192
189,3
189,193
189,186
189,195
189,194
189,196
189,5
189,76
189,197
189,137
189,198
189,44
189,119
189,200
189,201
189,47
189,187
189,32
189,21
189,188
189,202
189,190
190,93
190,179
190,191
190,39
190,185
190,192
190,3
190,193
190,186
190,195
190,194
190,196
190,76
190,5
190,197
190,198
190,137
190,44
190,119
190,200
190,201
190,47
190,187
190,32
190,21
190,188
190,189
190,202
190,19
191,322
191,95
191,97
191,101
191,4
191,6
191,30
191,9
191,11
191,417
191,282
191,187
191,32
191,188
191,232
191,39
191,192
191,193
191,5
191,326
191,44
191,119
191,200
191,46
191,290
191,47
191,49
191,202
191,19
191,179
191,185
191,3
191,186
191,133
191,264
191,137
191,312
191,21
191,189
191,148
191,149
191,190
191,194
191,195
191,196
191,76
191,241
191,197
191,198
191,81
191,201
191,165
191,166
191,83
191,171
192,179
192,185
192,3
192,186
192,137
192,187
192,32
192,21
192,188
192,189
192,190
192,153
192,191
192,39
192,193
192,194
192,195
192,196
192,76
192,5
192,197
192,198
192,44
192,119
192,200
192,201
192,47
192,171
192,202
193,179
193,55
193,191
193,39
193,185
193,192
193,3
193,186
193,195
193,194
193,196
193,5
193,76
193,197
193,137
193,198
193,44
193,119
193,200
193,201
193,47
193,187
193,32
193,21
193,188
193,189
193,202
193,190
194,128
194,179
194,185
194,3
194,186
194,215
194,102
194,4
194,56
194,57
194,137
194,9
194,103
194,11
194,63
194,14
194,65
194,187
194,32
194,21
194,188
194,189
194,190
194,277
194,151
194,191
194,71
194,39
194,192
194,158
194,112
194,193
194,195
194,196
194,113
194,5
194,76
194,7
194,197
194,8
194,198
194,115
194,116
194,44
194,119
194,118
194,200
194,201
194,165
194,47
194,86
194,85
194,170
194,202
194,17
194,16
194,19
195,322
195,4
195,9
195,187
195,32
195,188
195,191
195,39
195,192
195,193
195,113
195,5
195,44
195,391
195,119
195,200
195,290
195,47
195,202
195,19
195,179
195,185
195,3
195,215
195,186
195,133
195,137
195,138
195,146
195,189
195,21
195,190
195,151
195,194
195,196
195,76
195,197
195,198
195,165
195,201
195,83
195,170
195,17
196,96
196,99
196,323
196,4
196,29
196,103
196,308
196,108
196,187
196,32
196,188
196,109
196,191
196,39
196,192
196,193
196,283
196,5
196,310
196,326
196,44
196,119
196,200
196,47
196,202
196,19
196,279
196,54
196,179
196,185
196,280
196,3
196,285
196,186
196,132
196,58
196,137
196,140
196,141
196,143
196,144
196,21
196,189
196,67
196,190
196,157
196,159
196,195
196,194
196,76
196,77
196,197
196,198
196,162
196,201
196,167
196,165
196,338
196,339
196,17
197,385
197,323
197,6
197,308
197,187
197,32
197,108
197,188
197,109
197,424
197,191
197,39
197,192
197,111
197,193
197,5
197,283
197,310
197,44
197,119
197,200
197,388
197,122
197,47
197,202
197,19
197,179
197,185
197,280
197,285
197,3
197,387
197,186
197,137
197,140
197,295
197,21
197,189
197,190
197,386
197,159
197,194
197,195
197,196
197,76
197,198
197,199
197,201
197,171
198,93
198,179
198,98
198,185
198,3
198,186
198,4
198,59
198,137
198,187
198,32
198,21
198,188
198,189
198,190
198,191
198,39
198,192
198,193
198,22
198,194
198,195
198,196
198,76
198,5
198,197
198,78
198,44
198,119
198,200
198,201
198,47
198,170
198,171
198,202
198,17
198,19
199,208
199,211
199,97
199,212
199,213
199,385
199,217
199,218
199,219
199,9
199,178
199,220
199,223
199,226
199,32
199,228
199,229
199,230
199,207
199,231
199,232
199,233
199,234
199,235
199,237
199,239
199,240
199,243
199,120
199,118
199,388
199,122
199,246
199,248
199,249
199,250
199,19
199,209
199,210
199,280
199,214
199,387
199,216
199,215
199,221
199,222
199,140
199,224
199,225
199,295
199,68
199,227
199,2
199,386
199,236
199,238
199,241
199,197
199,242
199,244
199,78
199,245
199,165
199,247
199,87
199,88
199,18
199,251
200,94
200,352
200,350
200,351
200,324
200,104
200,187
200,32
200,188
200,37
200,191
200,39
200,192
200,193
200,5
200,354
200,41
200,44
200,119
200,47
200,48
200,333
200,202
200,19
200,179
200,185
200,3
200,186
200,355
200,137
200,294
200,61
200,353
200,336
200,21
200,189
200,149
200,190
200,70
200,157
200,195
200,194
200,196
200,76
200,160
200,197
200,198
200,201
200,247
200,168
200,174
201,92
201,28
201,101
201,4
201,364
201,103
201,106
201,187
201,32
201,379
201,188
201,252
201,362
201,203
201,365
201,191
201,39
201,192
201,40
201,237
201,193
201,5
201,114
201,116
201,44
201,204
201,119
201,366
201,200
201,122
201,47
201,205
201,333
201,202
201,253
201,19
201,380
201,327
201,127
201,179
201,292
201,185
201,3
201,186
201,215
201,134
201,378
201,137
201,381
201,62
201,139
201,145
201,66
201,21
201,189
201,206
201,190
201,382
201,195
201,194
201,196
201,76
201,197
201,198
201,162
201,79
201,81
201,88
201,171
201,172
201,17
201,383
201,91
202,92
202,94
202,97
202,4
202,9
202,104
202,324
202,266
202,187
202,32
202,394
202,188
202,259
202,422
202,232
202,191
202,39
202,192
202,111
202,193
202,5
202,41
202,263
202,44
202,119
202,265
202,200
202,47
202,267
202,48
202,269
202,258
202,271
202,19
202,179
202,260
202,185
202,3
202,392
202,261
202,186
202,215
202,264
202,393
202,137
202,294
202,61
202,268
202,21
202,189
202,270
202,149
202,190
202,390
202,313
202,272
202,151
202,70
202,262
202,194
202,195
202,196
202,76
202,160
202,197
202,198
202,201
202,83
202,170
202,171
202,17
202,174
203,28
203,101
203,4
203,378
203,137
203,286
203,139
203,145
203,206
203,252
203,36
203,204
203,201
203,47
203,88
203,205
203,172
203,17
203,19
203,253
204,36
204,28
204,101
204,378
204,137
204,139
204,201
204,145
204,47
204,88
204,206
204,205
204,172
204,253
204,252
204,203
205,92
205,322
205,28
205,4
205,9
205,104
205,282
205,252
205,203
205,36
205,233
205,235
205,40
205,237
205,239
205,114
205,204
205,120
205,46
205,290
205,246
205,122
205,47
205,53
205,19
205,253
205,327
205,127
205,292
205,129
205,209
205,130
205,134
205,256
205,378
205,137
205,286
205,139
205,64
205,145
205,206
205,257
205,73
205,245
205,162
205,79
205,81
205,201
205,88
205,172
205,171
205,17
205,91
206,36
206,28
206,101
206,378
206,137
206,204
206,139
206,201
206,47
206,145
206,88
206,205
206,172
206,253
206,252
206,203
207,208
207,209
207,210
207,211
207,97
207,212
207,213
207,214
207,215
207,216
207,217
207,218
207,219
207,178
207,220
207,221
207,222
207,223
207,224
207,225
207,226
207,68
207,227
207,228
207,229
207,230
207,231
207,232
207,233
207,234
207,235
207,2
207,236
207,237
207,238
207,239
207,240
207,241
207,242
207,243
207,244
207,78
207,199
207,245
207,120
207,246
207,165
207,247
207,87
207,88
207,248
207,249
207,250
207,18
207,19
207,251
208,209
208,210
208,211
208,97
208,212
208,213
208,214
208,215
208,216
208,4
208,217
208,218
208,219
208,9
208,178
208,220
208,221
208,222
208,223
208,224
208,225
208,226
208,68
208,227
208,228
208,229
208,230
208,207
208,231
208,233
208,232
208,234
208,2
208,235
208,236
208,237
208,238
208,239
208,240
208,241
208,242
208,243
208,244
208,78
208,199
208,245
208,120
208,246
208,165
208,247
208,87
208,88
208,248
208,249
208,250
208,17
208,18
208,19
208,251
209,208
209,211
209,97
209,212
209,213
209,4
209,217
209,218
209,219
209,178
209,220
209,223
209,226
209,228
209,252
209,229
209,230
209,207
209,231
209,232
209,233
209,234
209,235
209,237
209,239
209,240
209,243
209,120
209,246
209,248
209,205
209,249
209,250
209,253
209,19
209,210
209,214
209,216
209,215
209,256
209,221
209,222
209,224
209,225
209,68
209,227
209,2
209,236
209,257
209,238
209,241
209,242
209,244
209,199
209,78
209,245
209,165
209,247
209,87
209,88
209,171
209,17
209,18
209,251
210,208
210,209
210,211
210,97
210,212
210,213
210,214
210,215
210,216
210,217
210,218
210,219
210,9
210,178
210,220
210,221
210,222
210,223
210,224
210,225
210,226
210,68
210,227
210,228
210,229
210,230
210,207
210,231
210,232
210,233
210,234
210,235
210,2
210,236
210,237
210,238
210,239
210,73
210,240
210,241
210,242
210,243
210,244
210,78
210,199
210,245
210,120
210,246
210,165
210,247
210,87
210,88
210,248
210,17
210,249
210,250
210,18
210,19
210,251
211,208
211,97
211,212
211,213
211,217
211,218
211,219
211,178
211,220
211,410
211,223
211,226
211,228
211,230
211,229
211,231
211,207
211,233
211,232
211,234
211,235
211,237
211,239
211,240
211,243
211,120
211,246
211,248
211,249
211,250
211,19
211,209
211,210
211,214
211,216
211,215
211,414
211,411
211,221
211,222
211,413
211,224
211,225
211,21
211,68
211,227
211,412
211,2
211,236
211,238
211,241
211,242
211,244
211,199
211,78
211,245
211,165
211,247
211,87
211,88
211,18
211,251
212,208
212,211
212,97
212,213
212,217
212,218
212,219
212,9
212,178
212,220
212,223
212,226
212,228
212,229
212,230
212,207
212,231
212,232
212,233
212,234
212,235
212,237
212,239
212,240
212,243
212,43
212,120
212,246
212,248
212,249
212,250
212,19
212,209
212,210
212,280
212,214
212,216
212,215
212,221
212,222
212,140
212,224
212,225
212,295
212,68
212,227
212,2
212,236
212,238
212,241
212,242
212,244
212,199
212,78
212,245
212,165
212,247
212,87
212,88
212,18
212,251
213,404
213,208
213,211
213,212
213,97
213,217
213,218
213,219
213,178
213,220
213,31
213,223
213,226
213,228
213,230
213,229
213,231
213,207
213,233
213,232
213,234
213,405
213,235
213,237
213,239
213,240
213,243
213,116
213,120
213,246
213,248
213,249
213,250
213,19
213,209
213,210
213,321
213,214
213,335
213,216
213,215
213,221
213,222
213,224
213,225
213,68
213,227
213,272
213,406
213,2
213,236
213,238
213,73
213,241
213,242
213,244
213,199
213,78
213,245
213,165
213,247
213,87
213,88
213,171
213,173
213,18
213,251
214,208
214,211
214,97
214,212
214,213
214,4
214,217
214,218
214,219
214,178
214,220
214,223
214,226
214,33
214,228
214,230
214,229
214,231
214,207
214,233
214,232
214,234
214,235
214,237
214,239
214,240
214,243
214,120
214,246
214,248
214,249
214,250
214,19
214,304
214,209
214,210
214,130
214,216
214,215
214,221
214,222
214,224
214,225
214,68
214,227
214,305
214,2
214,236
214,238
214,74
214,241
214,242
214,244
214,199
214,78
214,245
214,164
214,165
214,247
214,87
214,88
214,18
214,251
215,93
215,208
215,211
215,97
215,212
215,213
215,4
215,217
215,218
215,219
215,9
215,178
215,220
215,223
215,226
215,228
215,229
215,230
215,231
215,207
215,232
215,233
215,234
215,235
215,237
215,239
215,240
215,243
215,116
215,120
215,246
215,122
215,248
215,333
215,202
215,51
215,249
215,250
215,19
215,327
215,292
215,209
215,210
215,3
215,214
215,335
215,216
215,293
215,221
215,222
215,224
215,225
215,68
215,227
215,151
215,2
215,236
215,238
215,194
215,195
215,241
215,242
215,244
215,78
215,199
215,12
215,245
215,79
215,165
215,201
215,247
215,87
215,88
215,170
215,17
215,18
215,251
216,358
216,208
216,211
216,97
216,212
216,213
216,217
216,218
216,219
216,9
216,178
216,220
216,223
216,226
216,360
216,228
216,230
216,229
216,231
216,207
216,233
216,232
216,234
216,235
216,237
216,239
216,361
216,240
216,243
216,425
216,120
216,246
216,248
216,249
216,250
216,19
216,209
216,210
216,214
216,186
216,215
216,221
216,222
216,224
216,225
216,21
216,68
216,227
216,397
216,2
216,236
216,238
216,73
216,241
216,242
216,244
216,199
216,78
216,245
216,165
216,83
216,247
216,87
216,88
216,419
216,171
216,420
216,18
216,251
217,208
217,211
217,97
217,212
217,213
217,4
217,6
217,218
217,219
217,9
217,178
217,220
217,223
217,226
217,228
217,229
217,230
217,207
217,231
217,232
217,233
217,39
217,234
217,235
217,237
217,239
217,240
217,25
217,243
217,43
217,120
217,246
217,248
217,249
217,250
217,19
217,209
217,210
217,214
217,216
217,215
217,221
217,222
217,224
217,225
217,68
217,227
217,2
217,236
217,238
217,73
217,241
217,242
217,244
217,199
217,78
217,245
217,165
217,247
217,87
217,88
217,17
217,18
217,251
218,304
218,208
218,209
218,210
218,211
218,97
218,212
218,213
218,130
218,214
218,215
218,216
218,217
218,219
218,178
218,220
218,221
218,222
218,223
218,224
218,225
218,226
218,33
218,68
218,227
218,228
218,230
218,229
218,231
218,207
218,233
218,232
218,70
218,234
218,2
218,235
218,236
218,237
218,238
218,239
218,240
218,241
218,242
218,326
218,243
218,244
218,78
218,199
218,245
218,120
218,164
218,246
218,165
218,247
218,87
218,48
218,88
218,248
218,250
218,249
218,18
218,19
218,251
219,208
219,209
219,210
219,211
219,97
219,212
219,213
219,214
219,215
219,216
219,217
219,218
219,178
219,220
219,221
219,222
219,223
219,224
219,225
219,226
219,68
219,227
219,228
219,229
219,230
219,207
219,231
219,232
219,233
219,234
219,235
219,2
219,236
219,237
219,238
219,239
219,240
219,241
219,242
219,243
219,244
219,78
219,199
219,245
219,120
219,246
219,165
219,247
219,87
219,88
219,248
219,249
219,250
219,18
219,19
219,251
220,208
220,209
220,210
220,211
220,97
220,212
220,213
220,214
220,215
220,216
220,217
220,218
220,219
220,178
220,221
220,222
220,223
220,143
220,224
220,225
220,146
220,147
220,226
220,68
220,227
220,228
220,229
220,230
220,207
220,231
220,232
220,233
220,234
220,235
220,2
220,236
220,237
220,238
220,239
220,240
220,241
220,242
220,243
220,244
220,78
220,199
220,245
220,120
220,246
220,165
220,247
220,87
220,88
220,248
220,249
220,250
220,18
220,19
220,251
221,208
221,211
221,97
221,212
221,213
221,99
221,4
221,217
221,218
221,219
221,178
221,220
221,223
221,226
221,228
221,230
221,229
221,277
221,231
221,207
221,233
221,232
221,234
221,235
221,237
221,239
221,240
221,243
221,120
221,246
221,248
221,249
221,250
221,125
221,19
221,311
221,209
221,210
221,214
221,216
221,215
221,433
221,222
221,224
221,225
221,68
221,227
221,296
221,2
221,236
221,238
221,241
221,242
221,244
221,199
221,78
221,245
221,82
221,165
221,247
221,87
221,88
221,17
221,18
221,287
221,251
222,208
222,209
222,210
222,211
222,97
222,212
222,213
222,214
222,216
222,215
222,335
222,4
222,217
222,293
222,218
222,219
222,178
222,220
222,221
222,223
222,224
222,225
222,226
222,68
222,227
222,228
222,229
222,230
222,231
222,207
222,233
222,232
222,234
222,235
222,2
222,236
222,237
222,238
222,239
222,240
222,241
222,242
222,243
222,244
222,78
222,199
222,245
222,120
222,246
222,165
222,247
222,87
222,88
222,248
222,249
222,250
222,18
222,19
222,251
223,208
223,209
223,210
223,211
223,97
223,212
223,213
223,214
223,215
223,216
223,217
223,218
223,219
223,178
223,220
223,221
223,222
223,224
223,225
223,187
223,226
223,68
223,227
223,228
223,229
223,230
223,207
223,231
223,232
223,233
223,234
223,235
223,2
223,236
223,237
223,238
223,239
223,240
223,241
223,242
223,243
223,244
223,78
223,199
223,245
223,120
223,246
223,165
223,247
223,87
223,88
223,248
223,249
223,250
223,18
223,19
223,251
224,208
224,209
224,210
224,211
224,97
224,212
224,213
224,214
224,215
224,216
224,217
224,218
224,219
224,178
224,220
224,221
224,222
224,223
224,225
224,226
224,68
224,227
224,228
224,229
224,230
224,207
224,231
224,232
224,233
224,234
224,235
224,2
224,236
224,237
224,238
224,239
224,240
224,241
224,242
224,243
224,244
224,43
224,78
224,199
224,245
224,120
224,246
224,165
224,247
224,87
224,88
224,248
224,249
224,250
224,18
224,19
224,251
225,208
225,209
225,210
225,211
225,97
225,212
225,213
225,214
225,215
225,216
225,217
225,218
225,219
225,178
225,220
225,221
225,222
225,223
225,224
225,226
225,68
225,227
225,228
225,229
225,230
225,207
225,231
225,232
225,233
225,234
225,235
225,2
225,236
225,237
225,238
225,239
225,240
225,241
225,242
225,243
225,244
225,78
225,199
225,245
225,120
225,246
225,165
225,247
225,87
225,88
225,248
225,249
225,250
225,18
225,19
225,251
226,208
226,209
226,210
226,211
226,97
226,212
226,213
226,214
226,215
226,216
226,368
226,4
226,293
226,217
226,218
226,219
226,178
226,220
226,221
226,222
226,223
226,224
226,225
226,68
226,227
226,228
226,230
226,229
226,231
226,207
226,233
226,232
226,234
226,2
226,235
226,236
226,237
226,238
226,239
226,240
226,241
226,242
226,243
226,244
226,78
226,199
226,245
226,120
226,246
226,165
226,247
226,87
226,88
226,248
226,171
226,249
226,250
226,17
226,18
226,19
226,251
227,311
227,208
227,209
227,210
227,211
227,97
227,212
227,213
227,214
227,215
227,216
227,4
227,217
227,218
227,219
227,178
227,220
227,221
227,222
227,223
227,224
227,225
227,226
227,68
227,228
227,229
227,230
227,207
227,231
227,232
227,233
227,234
227,235
227,2
227,236
227,237
227,238
227,239
227,289
227,240
227,241
227,242
227,243
227,244
227,78
227,199
227,245
227,120
227,246
227,165
227,247
227,87
227,88
227,248
227,125
227,17
227,249
227,250
227,18
227,19
227,251
228,208
228,211
228,97
228,212
228,213
228,4
228,217
228,218
228,219
228,178
228,220
228,223
228,226
228,230
228,229
228,231
228,207
228,389
228,233
228,232
228,234
228,235
228,237
228,239
228,240
228,243
228,43
228,120
228,246
228,248
228,249
228,250
228,19
228,209
228,210
228,285
228,214
228,216
228,215
228,340
228,58
228,221
228,222
228,224
228,225
228,68
228,227
228,2
228,236
228,238
228,241
228,242
228,244
228,199
228,78
228,245
228,347
228,165
228,247
228,87
228,88
228,339
228,18
228,251
229,208
229,209
229,210
229,211
229,97
229,212
229,213
229,214
229,215
229,216
229,217
229,218
229,219
229,178
229,220
229,221
229,222
229,223
229,224
229,225
229,226
229,68
229,227
229,228
229,230
229,207
229,231
229,232
229,233
229,234
229,235
229,2
229,236
229,237
229,238
229,239
229,240
229,241
229,242
229,243
229,244
229,78
229,199
229,245
229,120
229,246
229,165
229,247
229,87
229,88
229,248
229,249
229,250
229,18
229,19
229,251
230,208
230,211
230,97
230,212
230,213
230,4
230,217
230,218
230,219
230,178
230,220
230,223
230,226
230,107
230,228
230,229
230,231
230,207
230,232
230,233
230,234
230,235
230,237
230,239
230,240
230,243
230,43
230,120
230,246
230,121
230,248
230,249
230,250
230,19
230,342
230,209
230,210
230,214
230,215
230,216
230,368
230,293
230,221
230,222
230,224
230,225
230,66
230,68
230,227
230,2
230,236
230,238
230,241
230,242
230,244
230,12
230,199
230,78
230,245
230,165
230,247
230,87
230,88
230,171
230,18
230,251
231,208
231,211
231,97
231,212
231,213
231,102
231,217
231,218
231,219
231,178
231,220
231,223
231,226
231,228
231,229
231,230
231,207
231,232
231,233
231,234
231,235
231,237
231,239
231,113
231,240
231,116
231,115
231,243
231,42
231,118
231,120
231,246
231,248
231,249
231,250
231,19
231,209
231,210
231,214
231,216
231,215
231,221
231,222
231,224
231,225
231,65
231,68
231,227
231,2
231,236
231,238
231,241
231,242
231,77
231,244
231,199
231,78
231,245
231,165
231,247
231,87
231,88
231,18
231,251
232,92
232,208
232,211
232,212
232,213
232,97
232,217
232,218
232,219
232,178
232,9
232,220
232,223
232,226
232,228
232,230
232,229
232,231
232,207
232,233
232,191
232,234
232,235
232,237
232,239
232,240
232,41
232,5
232,243
232,120
232,246
232,48
232,248
232,250
232,202
232,249
232,19
232,209
232,210
232,214
232,216
232,215
232,264
232,294
232,221
232,222
232,224
232,225
232,68
232,227
232,149
232,390
232,2
232,236
232,238
232,241
232,242
232,244
232,78
232,199
232,245
232,165
232,247
232,83
232,87
232,88
232,18
232,251
233,208
233,211
233,97
233,212
233,213
233,4
233,217
233,218
233,219
233,178
233,9
233,220
233,104
233,223
233,282
233,226
233,228
233,252
233,309
233,229
233,230
233,231
233,207
233,232
233,234
233,235
233,237
233,239
233,289
233,240
233,114
233,243
233,120
233,46
233,246
233,248
233,205
233,249
233,250
233,19
233,253
233,292
233,209
233,210
233,214
233,215
233,216
233,256
233,221
233,222
233,224
233,225
233,68
233,227
233,2
233,257
233,236
233,238
233,241
233,242
233,244
233,78
233,199
233,12
233,245
233,79
233,81
233,165
233,247
233,87
233,88
233,171
233,17
233,18
233,251
233,91
234,208
234,209
234,210
234,211
234,97
234,212
234,213
234,214
234,215
234,216
234,217
234,218
234,219
234,178
234,220
234,221
234,222
234,223
234,224
234,225
234,226
234,68
234,227
234,228
234,229
234,230
234,207
234,231
234,232
234,233
234,235
234,2
234,236
234,237
234,238
234,239
234,240
234,241
234,242
234,243
234,244
234,78
234,199
234,245
234,120
234,246
234,165
234,247
234,87
234,88
234,248
234,249
234,250
234,18
234,19
234,251
235,208
235,211
235,97
235,212
235,213
235,4
235,217
235,218
235,219
235,178
235,220
235,223
235,226
235,228
235,252
235,229
235,230
235,207
235,231
235,232
235,233
235,234
235,237
235,239
235,240
235,243
235,120
235,246
235,248
235,205
235,249
235,250
235,253
235,19
235,209
235,210
235,214
235,335
235,216
235,215
235,256
235,221
235,222
235,224
235,225
235,68
235,227
235,2
235,236
235,257
235,238
235,241
235,242
235,244
235,199
235,78
235,245
235,165
235,247
235,87
235,88
235,171
235,17
235,18
235,251
236,208
236,211
236,97
236,212
236,213
236,102
236,217
236,218
236,219
236,178
236,220
236,223
236,226
236,228
236,229
236,230
236,207
236,231
236,232
236,233
236,234
236,235
236,237
236,239
236,113
236,240
236,116
236,115
236,243
236,42
236,118
236,120
236,246
236,248
236,249
236,250
236,19
236,209
236,210
236,214
236,216
236,215
236,221
236,222
236,224
236,225
236,65
236,68
236,227
236,2
236,238
236,241
236,242
236,77
236,244
236,199
236,78
236,245
236,165
236,247
236,87
236,88
236,18
236,251
237,208
237,211
237,97
237,212
237,213
237,364
237,217
237,218
237,219
237,178
237,9
237,220
237,223
237,226
237,228
237,252
237,230
237,229
237,365
237,231
237,207
237,232
237,233
237,234
237,235
237,239
237,240
237,114
237,243
237,43
237,366
237,120
237,122
237,246
237,248
237,205
237,249
237,250
237,19
237,253
237,292
237,209
237,210
237,214
237,216
237,215
237,221
237,222
237,224
237,225
237,68
237,227
237,2
237,236
237,238
237,241
237,242
237,244
237,199
237,78
237,245
237,79
237,201
237,165
237,247
237,87
237,88
237,18
237,251
237,91
238,358
238,208
238,211
238,97
238,212
238,213
238,217
238,218
238,219
238,9
238,178
238,356
238,220
238,223
238,106
238,360
238,226
238,302
238,228
238,362
238,230
238,229
238,231
238,207
238,233
238,232
238,234
238,235
238,237
238,332
238,361
238,239
238,240
238,25
238,243
238,278
238,120
238,246
238,248
238,249
238,250
238,19
238,357
238,209
238,210
238,359
238,214
238,186
238,216
238,215
238,221
238,222
238,224
238,312
238,225
238,21
238,68
238,227
238,2
238,236
238,337
238,241
238,242
238,244
238,199
238,78
238,245
238,165
238,83
238,247
238,87
238,88
238,171
238,419
238,17
238,420
238,18
238,251
239,208
239,211
239,97
239,212
239,213
239,4
239,217
239,218
239,219
239,9
239,178
239,220
239,104
239,223
239,282
239,226
239,228
239,252
239,229
239,230
239,207
239,231
239,232
239,233
239,234
239,235
239,237
239,240
239,243
239,120
239,46
239,246
239,248
239,205
239,249
239,250
239,19
239,209
239,210
239,214
239,216
239,215
239,221
239,222
239,224
239,225
239,68
239,227
239,2
239,236
239,238
239,241
239,242
239,244
239,199
239,78
239,245
239,165
239,247
239,87
239,88
239,17
239,18
239,251
239,91
240,208
240,209
240,210
240,211
240,97
240,212
240,213
240,214
240,215
240,216
240,217
240,218
240,219
240,178
240,220
240,221
240,222
240,223
240,224
240,225
240,344
240,226
240,68
240,227
240,228
240,229
240,230
240,231
240,207
240,233
240,232
240,346
240,234
240,2
240,235
240,236
240,237
240,238
240,239
240,241
240,242
240,243
240,244
240,78
240,199
240,245
240,120
240,343
240,345
240,246
240,165
240,247
240,87
240,88
240,248
240,171
240,249
240,250
240,18
240,19
240,251
241,208
241,322
241,95
241,211
241,97
241,212
241,213
241,4
241,407
241,6
241,217
241,218
241,219
241,178
241,9
241,220
241,223
241,282
241,226
241,228
241,230
241,229
241,409
241,231
241,207
241,233
241,232
241,191
241,234
241,235
241,237
241,239
241,240
241,243
241,43
241,120
241,46
241,246
241,290
241,269
241,248
241,49
241,249
241,250
241,19
241,209
241,210
241,214
241,216
241,215
241,221
241,222
241,224
241,225
241,68
241,227
241,2
241,236
241,238
241,242
241,244
241,199
241,78
241,245
241,165
241,247
241,87
241,88
241,17
241,18
241,251
242,208
242,211
242,97
242,212
242,213
242,4
242,217
242,218
242,219
242,178
242,220
242,223
242,226
242,228
242,229
242,230
242,207
242,231
242,232
242,233
242,234
242,235
242,237
242,239
242,240
242,326
242,243
242,120
242,246
242,248
242,125
242,249
242,250
242,19
242,311
242,209
242,210
242,214
242,216
242,215
242,221
242,222
242,224
242,225
242,68
242,227
242,2
242,236
242,238
242,241
242,244
242,199
242,78
242,245
242,165
242,247
242,87
242,88
242,18
242,251
243,208
243,209
243,210
243,211
243,97
243,212
243,213
243,214
243,215
243,216
243,4
243,217
243,218
243,219
243,178
243,220
243,221
243,222
243,223
243,224
243,225
243,187
243,226
243,68
243,227
243,228
243,229
243,230
243,207
243,231
243,232
243,233
243,154
243,234
243,235
243,2
243,236
243,237
243,238
243,239
243,240
243,241
243,242
243,244
243,78
243,199
243,245
243,120
243,246
243,165
243,247
243,87
243,88
243,248
243,249
243,250
243,18
243,19
243,251
244,208
244,211
244,212
244,97
244,213
244,4
244,217
244,218
244,219
244,178
244,9
244,220
244,31
244,223
244,226
244,228
244,252
244,230
244,229
244,231
244,207
244,233
244,232
244,234
244,235
244,237
244,239
244,240
244,5
244,41
244,243
244,116
244,43
244,120
244,246
244,48
244,248
244,250
244,249
244,253
244,19
244,209
244,210
244,214
244,335
244,216
244,215
244,294
244,221
244,222
244,144
244,224
244,225
244,68
244,227
244,150
244,2
244,236
244,238
244,314
244,241
244,242
244,78
244,199
244,245
244,165
244,247
244,87
244,88
244,17
244,18
244,251
245,316
245,28
245,208
245,211
245,212
245,213
245,97
245,4
245,217
245,218
245,219
245,9
245,178
245,220
245,223
245,226
245,228
245,252
245,230
245,229
245,231
245,207
245,233
245,232
245,234
245,235
245,237
245,239
245,240
245,8
245,243
245,115
245,120
245,290
245,246
245,248
245,205
245,249
245,250
245,253
245,19
245,284
245,127
245,129
245,209
245,210
245,130
245,214
245,216
245,215
245,60
245,221
245,139
245,222
245,64
245,145
245,224
245,65
245,225
245,68
245,227
245,2
245,275
245,236
245,238
245,73
245,241
245,242
245,244
245,78
245,199
245,165
245,247
245,87
245,88
245,172
245,17
245,18
245,251
246,27
246,208
246,211
246,97
246,212
246,213
246,4
246,217
246,218
246,219
246,178
246,220
246,223
246,226
246,228
246,252
246,229
246,230
246,231
246,207
246,233
246,232
246,234
246,235
246,237
246,239
246,240
246,243
246,120
246,248
246,205
246,249
246,250
246,253
246,19
246,254
246,209
246,210
246,214
246,216
246,215
246,255
246,256
246,221
246,222
246,224
246,225
246,68
246,227
246,2
246,257
246,236
246,238
246,241
246,242
246,244
246,199
246,78
246,245
246,165
246,247
246,87
246,88
246,171
246,17
246,18
246,251
247,208
247,211
247,97
247,212
247,213
247,99
247,4
247,217
247,218
247,219
247,178
247,220
247,223
247,226
247,228
247,230
247,229
247,277
247,231
247,207
247,233
247,232
247,234
247,235
247,237
247,239
247,240
247,243
247,120
247,200
247,246
247,248
247,249
247,250
247,125
247,19
247,311
247,209
247,210
247,214
247,216
247,215
247,58
247,221
247,222
247,224
247,225
247,68
247,227
247,296
247,2
247,236
247,238
247,241
247,242
247,244
247,199
247,78
247,245
247,82
247,165
247,87
247,88
247,339
247,17
247,18
247,287
247,251
248,208
248,211
248,97
248,212
248,213
248,323
248,4
248,217
248,218
248,219
248,178
248,220
248,223
248,282
248,226
248,228
248,230
248,229
248,231
248,207
248,232
248,233
248,234
248,111
248,235
248,237
248,239
248,240
248,243
248,120
248,246
248,48
248,250
248,249
248,19
248,209
248,210
248,214
248,216
248,215
248,221
248,222
248,224
248,225
248,68
248,227
248,70
248,2
248,236
248,238
248,241
248,242
248,244
248,199
248,78
248,245
248,81
248,165
248,247
248,87
248,88
248,17
248,18
248,251
249,92
249,208
249,211
249,212
249,213
249,97
249,217
249,218
249,219
249,178
249,9
249,220
249,223
249,226
249,228
249,230
249,229
249,231
249,207
249,233
249,232
249,234
249,235
249,237
249,239
249,240
249,41
249,5
249,243
249,120
249,246
249,48
249,248
249,250
249,19
249,209
249,210
249,214
249,216
249,215
249,294
249,221
249,222
249,224
249,225
249,68
249,227
249,70
249,2
249,236
249,238
249,241
249,242
249,244
249,199
249,78
249,245
249,165
249,247
249,87
249,88
249,18
249,251
250,208
250,211
250,97
250,212
250,213
250,372
250,217
250,373
250,218
250,219
250,178
250,220
250,223
250,226
250,302
250,228
250,370
250,229
250,230
250,207
250,231
250,232
250,233
250,234
250,235
250,237
250,239
250,240
250,326
250,243
250,278
250,120
250,246
250,369
250,248
250,249
250,19
250,209
250,210
250,371
250,214
250,216
250,215
250,221
250,222
250,224
250,225
250,21
250,68
250,227
250,2
250,236
250,238
250,241
250,242
250,244
250,199
250,78
250,245
250,165
250,247
250,87
250,88
250,18
250,251
251,208
251,209
251,210
251,211
251,97
251,212
251,213
251,214
251,215
251,216
251,4
251,217
251,218
251,219
251,178
251,220
251,221
251,222
251,223
251,224
251,225
251,226
251,68
251,227
251,228
251,229
251,230
251,207
251,231
251,232
251,233
251,234
251,180
251,235
251,2
251,236
251,237
251,238
251,239
251,240
251,241
251,242
251,243
251,244
251,78
251,199
251,245
251,120
251,246
251,165
251,247
251,87
251,88
251,248
251,249
251,250
251,18
251,19
252,331
252,28
252,101
252,4
252,9
252,104
252,282
252,203
252,277
252,233
252,235
252,237
252,239
252,114
252,204
252,120
252,46
252,290
252,246
252,47
252,205
252,53
252,19
252,253
252,292
252,129
252,209
252,130
252,256
252,378
252,137
252,286
252,139
252,64
252,145
252,206
252,69
252,306
252,257
252,244
252,245
252,201
252,88
252,171
252,172
252,17
252,91
253,92
253,28
253,101
253,4
253,9
253,106
253,252
253,203
253,233
253,235
253,237
253,114
253,204
253,246
253,47
253,205
253,19
253,327
253,127
253,292
253,209
253,256
253,378
253,137
253,139
253,145
253,206
253,257
253,73
253,244
253,245
253,81
253,201
253,88
253,172
253,171
253,17
253,91
254,27
254,255
254,4
254,246
254,19
255,93
255,254
255,4
255,246
255,65
255,19
255,149
255,309
255,298
256,233
256,209
256,235
256,257
256,4
256,246
256,171
256,205
256,17
256,19
256,253
256,252
257,233
257,209
257,235
257,256
257,4
257,144
257,246
257,171
257,205
257,17
257,19
257,253
257,252
258,259
258,260
258,261
258,262
258,160
258,263
258,264
258,265
258,266
258,267
258,268
258,269
258,270
258,271
258,171
258,202
258,19
259,260
259,97
259,261
259,262
259,160
259,263
259,264
259,44
259,31
259,265
259,268
259,267
259,266
259,269
259,258
259,270
259,271
259,171
259,202
259,19
260,94
260,261
260,264
260,268
260,266
260,270
260,259
260,262
260,160
260,263
260,265
260,267
260,48
260,258
260,269
260,171
260,271
260,202
260,19
261,259
261,260
261,262
261,160
261,264
261,263
261,265
261,266
261,267
261,268
261,258
261,269
261,270
261,271
261,171
261,202
261,19
262,259
262,260
262,261
262,160
262,264
262,263
262,265
262,266
262,267
262,268
262,269
262,258
262,270
262,271
262,171
262,202
262,19
263,259
263,260
263,261
263,262
263,160
263,264
263,265
263,266
263,267
263,268
263,269
263,258
263,270
263,271
263,171
263,202
263,19
264,260
264,97
264,261
264,31
264,268
264,266
264,270
264,259
264,232
264,191
264,262
264,160
264,263
264,265
264,83
264,267
264,258
264,269
264,271
264,171
264,202
264,19
265,259
265,260
265,97
265,261
265,262
265,160
265,263
265,264
265,31
265,266
265,267
265,268
265,269
265,258
265,270
265,271
265,171
265,202
265,19
266,259
266,260
266,261
266,262
266,160
266,263
266,264
266,265
266,267
266,268
266,269
266,258
266,270
266,271
266,171
266,202
266,19
267,259
267,260
267,261
267,262
267,160
267,263
267,264
267,265
267,266
267,268
267,269
267,258
267,270
267,271
267,171
267,202
267,19
268,259
268,260
268,261
268,262
268,160
268,263
268,264
268,265
268,266
268,267
268,269
268,258
268,270
268,271
268,171
268,202
268,19
269,260
269,129
269,97
269,261
269,4
269,6
269,264
269,9
269,31
269,64
269,268
269,266
269,270
269,272
269,259
269,262
269,73
269,241
269,160
269,263
269,265
269,120
269,267
269,49
269,258
269,271
269,171
269,202
269,17
269,19
270,259
270,260
270,261
270,262
270,160
270,263
270,264
270,265
270,266
270,267
270,268
270,269
270,258
270,271
270,171
270,202
270,19
271,259
271,260
271,97
271,261
271,262
271,160
271,263
271,264
271,31
271,265
271,266
271,267
271,268
271,269
271,258
271,270
271,171
271,202
271,19
272,92
272,406
272,404
272,405
272,111
272,97
272,213
272,321
272,392
272,393
272,31
272,121
272,394
272,88
272,269
272,171
272,202
273,127
273,1
273,179
273,178
273,9
273,50
273,53
273,320
274,137
274,115
274,275
274,171
275,284
275,316
275,4
275,8
275,137
275,115
275,245
275,65
275,171
275,274
275,19
276,17
276,4
276,19
276,309
277,311
277,331
277,99
277,3
277,4
277,221
277,252
277,69
277,296
277,306
277,194
277,8
277,82
277,165
277,247
277,125
277,17
277,287
277,19
278,371
278,372
278,373
278,9
278,21
278,302
278,150
278,370
278,238
278,332
278,25
278,167
278,369
278,171
278,17
278,250
278,19
279,326
279,338
279,323
279,67
279,19
279,196
280,94
280,212
280,99
280,323
280,4
280,30
280,9
280,308
280,318
280,108
280,303
280,111
280,283
280,310
280,326
280,123
280,48
280,19
280,54
280,185
280,285
280,340
280,58
280,140
280,143
280,144
280,295
280,159
280,22
280,196
280,160
280,197
280,199
280,341
280,83
280,17
280,16
280,90
280,298
281,311
281,307
281,329
281,317
281,47
281,17
281,4
281,19
282,322
282,95
282,323
282,4
282,9
282,104
282,330
282,188
282,252
282,233
282,191
282,111
282,239
282,241
282,46
282,290
282,47
282,401
282,248
282,49
282,205
282,17
282,19
282,91
283,54
283,96
283,280
283,185
283,99
283,285
283,323
283,4
283,6
283,340
283,140
283,143
283,108
283,157
283,159
283,196
283,197
283,341
283,19
284,316
284,275
284,4
284,8
284,245
284,166
284,65
284,107
284,17
284,19
285,280
285,185
285,159
285,323
285,196
285,310
285,283
285,6
285,197
285,308
285,140
285,108
285,228
285,19
286,137
286,205
286,19
286,4
286,252
286,203
287,296
287,311
287,277
287,221
287,82
287,247
287,99
287,125
287,17
287,19
287,4
288,150
288,321
288,112
288,4
288,58
288,30
288,103
288,115
288,326
288,315
288,147
288,17
288,19
289,304
289,292
289,129
289,130
289,4
289,137
289,64
289,295
289,146
289,227
289,309
289,233
289,114
289,44
289,297
289,80
289,164
289,17
289,19
290,304
290,28
290,322
290,129
290,95
290,96
290,130
290,133
290,4
290,9
290,137
290,139
290,64
290,145
290,65
290,282
290,146
290,188
290,148
290,252
290,191
290,195
290,113
290,5
290,241
290,245
290,120
290,164
290,46
290,166
290,339
290,49
290,205
290,172
290,17
290,19
291,115
291,322
291,166
291,49
291,4
291,19
292,380
292,327
292,215
292,4
292,9
292,381
292,295
292,379
292,252
292,309
292,233
292,237
292,289
292,114
292,116
292,79
292,201
292,122
292,171
292,333
292,205
292,383
292,17
292,19
292,253
292,91
293,342
293,215
293,335
293,368
293,4
293,103
293,222
293,66
293,226
293,230
293,2
293,395
293,171
293,396
293,51
293,19
294,94
294,97
294,9
294,61
294,324
294,104
294,149
294,70
294,232
294,41
294,160
294,5
294,244
294,44
294,200
294,48
294,202
294,249
294,19
294,174
295,292
295,212
295,280
295,4
295,9
295,140
295,309
295,424
295,289
295,114
295,197
295,199
295,171
295,17
295,19
296,311
296,277
296,398
296,99
296,4
296,9
296,60
296,221
296,82
296,367
296,247
296,17
296,125
296,19
296,287
297,129
297,399
297,130
297,289
297,74
297,4
297,137
297,80
297,164
297,400
297,167
297,146
297,171
297,17
297,19
298,93
298,151
298,280
298,255
298,4
298,77
298,30
298,117
298,81
298,65
298,48
298,107
298,171
298,403
298,19
298,149
298,309
299,311
299,157
299,17
299,19
300,334
300,19
300,18
301,43
301,151
301,171
301,19
302,421
302,316
302,371
302,372
302,4
302,373
302,9
302,21
302,370
302,238
302,332
302,25
302,278
302,339
302,369
302,17
302,250
302,19
303,77
303,70
303,144
303,165
303,280
303,318
303,4
303,19
304,129
304,130
304,214
304,4
304,218
304,137
304,64
304,146
304,33
304,309
304,289
304,44
304,164
304,290
304,339
304,49
304,17
304,19
305,214
305,19
305,4
305,74
306,277
306,331
306,4
306,17
306,19
306,252
306,69
307,311
307,281
307,329
307,317
307,47
307,17
307,4
307,19
308,197
308,9
308,280
308,285
308,323
308,19
308,196
308,310
309,93
309,316
309,4
309,6
309,34
309,109
309,276
309,233
309,111
309,289
309,114
309,44
309,118
309,120
309,122
309,19
309,304
309,292
309,129
309,130
309,255
309,58
309,137
309,61
309,144
309,64
309,65
309,295
309,149
309,72
309,79
309,80
309,164
309,339
309,171
309,17
309,90
309,298
310,285
310,197
310,323
310,308
310,196
310,19
310,280
311,299
311,317
311,99
311,4
311,221
311,329
311,187
311,227
311,296
311,277
311,157
311,242
311,281
311,307
311,82
311,363
311,47
311,247
311,17
311,125
311,173
311,19
311,287
312,326
312,11
312,191
312,337
312,238
312,171
312,172
312,419
312,17
312,420
312,19
312,149
312,75
313,324
313,17
313,202
313,19
313,4
314,244
314,43
314,144
314,17
314,4
314,19
315,288
315,157
315,321
315,429
315,4
315,9
315,104
315,82
315,17
315,125
315,19
316,284
316,421
316,102
316,4
316,6
316,65
316,302
316,309
316,150
316,275
316,8
316,115
316,245
316,118
316,339
316,19
317,311
317,281
317,307
317,329
317,47
317,17
317,4
317,19
318,27
318,303
318,144
318,280
318,88
318,17
318,19
318,5
319,171
319,325
319,19
319,167
320,179
320,4
320,9
320,178
320,1
320,273
320,12
320,19
321,272
321,406
321,404
321,288
321,39
321,405
321,213
321,337
321,4
321,315
321,44
321,171
321,17
321,19
322,291
322,95
322,96
322,4
322,9
322,138
322,282
322,188
322,191
322,195
322,241
322,162
322,46
322,165
322,166
322,290
322,83
322,49
322,205
322,17
322,19
323,96
323,99
323,100
323,4
323,29
323,6
323,9
323,308
323,282
323,108
323,111
323,310
323,283
323,326
323,248
323,19
323,279
323,54
323,185
323,280
323,285
323,58
323,140
323,141
323,143
323,144
323,157
323,159
323,196
323,197
323,162
323,341
323,165
323,167
323,338
323,17
324,313
324,94
324,70
324,4
324,160
324,41
324,294
324,44
324,61
324,104
324,200
324,48
324,17
324,202
324,19
324,174
324,149
325,171
325,19
325,167
325,319
326,99
326,323
326,100
326,4
326,29
326,218
326,30
326,103
326,9
326,11
326,417
326,107
326,288
326,191
326,112
326,115
326,250
326,19
326,279
326,54
326,55
326,418
326,185
326,280
326,131
326,58
326,140
326,144
326,312
326,147
326,67
326,68
326,149
326,150
326,159
326,196
326,242
326,162
326,338
326,171
326,17
327,92
327,127
327,28
327,292
327,215
327,134
327,378
327,137
327,139
327,145
327,106
327,40
327,114
327,116
327,162
327,79
327,81
327,201
327,122
327,47
327,88
327,333
327,205
327,172
327,253
327,19
327,91
328,93
328,19
329,311
329,317
329,4
329,281
329,307
329,363
329,47
329,187
329,17
329,19
329,173
330,46
330,144
330,47
330,282
330,188
330,17
330,4
330,19
331,277
331,306
331,4
331,17
331,19
331,252
331,69
332,9
332,410
332,278
332,428
332,238
332,171
332,17
332,19
332,302
332,25
333,327
333,352
333,292
333,350
333,215
333,354
333,355
333,351
333,116
333,79
333,353
333,200
333,336
333,122
333,201
333,19
334,300
334,19
334,18
335,244
335,222
335,213
335,2
335,235
335,215
335,4
335,19
335,293
336,352
336,350
336,355
336,351
336,353
336,37
336,354
336,200
336,168
336,333
336,19
337,357
337,358
337,321
337,359
337,186
337,4
337,356
337,312
337,360
337,362
337,39
337,238
337,361
337,73
337,44
337,171
337,419
337,420
337,17
337,19
338,279
338,54
338,99
338,323
338,100
338,4
338,29
338,58
338,9
338,141
338,140
338,67
338,196
338,77
338,326
338,162
338,165
338,167
338,17
338,19
339,316
339,102
339,4
339,6
339,103
339,107
339,34
339,302
339,228
339,109
339,309
339,111
339,118
339,120
339,122
339,290
339,49
339,19
339,421
339,304
339,129
339,58
339,61
339,144
339,146
339,72
339,196
339,79
339,80
339,164
339,247
339,90
340,280
340,99
340,159
340,4
340,283
340,108
340,228
341,280
341,108
341,159
341,323
341,4
341,283
342,230
342,121
342,107
342,66
342,171
342,368
342,293
343,344
343,171
343,240
343,345
343,346
344,171
344,343
344,240
344,345
344,346
345,344
345,171
345,343
345,240
345,346
346,344
346,171
346,343
346,240
346,345
347,9
347,2
347,4
347,228
348,349
348,171
348,157
349,348
349,171
349,157
350,351
350,333
350,352
350,353
350,200
350,354
350,355
350,336
351,333
351,352
351,353
351,350
351,200
351,354
351,355
351,336
352,351
352,333
352,353
352,350
352,200
352,354
352,355
352,336
353,351
353,333
353,352
353,350
353,200
353,354
353,355
353,336
354,351
354,352
354,353
354,350
354,200
354,336
354,333
354,355
355,351
355,352
355,353
355,350
355,200
355,336
355,333
355,354
356,357
356,358
356,359
356,360
356,337
356,238
356,361
356,186
356,171
356,362
357,358
357,356
357,359
357,360
357,337
357,238
357,361
357,186
357,171
357,362
358,357
358,356
358,359
358,360
358,337
358,238
358,216
358,171
358,186
358,361
358,362
359,357
359,358
359,356
359,360
359,337
359,238
359,361
359,186
359,171
359,362
360,357
360,356
360,358
360,359
360,337
360,238
360,216
360,171
360,186
360,361
360,362
361,357
361,397
361,358
361,359
361,238
361,337
361,186
361,216
361,356
361,360
361,171
361,362
362,357
362,358
362,359
362,382
362,337
362,238
362,361
362,186
362,103
362,356
362,62
362,201
362,360
362,171
363,311
363,329
363,187
363,173
364,114
364,237
364,365
364,366
364,79
364,201
364,122
365,114
365,237
365,366
365,79
365,364
365,201
365,122
366,114
366,237
366,365
366,79
366,364
366,201
366,122
367,114
367,296
367,9
367,60
367,398
368,342
368,230
368,121
368,107
368,226
368,171
368,293
369,370
369,371
369,372
369,373
369,278
369,21
369,250
369,302
370,371
370,372
370,373
370,278
370,21
370,369
370,250
370,302
371,370
371,372
371,373
371,278
371,21
371,369
371,250
371,302
372,370
372,371
372,373
372,278
372,21
372,369
372,250
372,302
373,370
373,371
373,372
373,278
373,21
373,369
373,250
373,302
374,375
374,171
374,376
374,377
375,171
375,374
375,376
375,377
376,375
376,171
376,374
376,377
377,375
377,171
377,374
377,376
378,92
378,327
378,28
378,101
378,134
378,137
378,139
378,145
378,206
378,252
378,203
378,40
378,204
378,162
378,79
378,81
378,122
378,201
378,47
378,88
378,172
378,205
378,253
378,91
379,380
379,381
379,292
379,201
379,171
379,383
380,381
380,292
380,201
380,379
380,171
380,383
381,380
381,292
381,201
381,379
381,171
381,383
382,103
382,62
382,201
382,362
383,380
383,381
383,292
383,201
383,379
383,171
384,179
384,174
385,386
385,387
385,197
385,199
385,388
385,122
386,385
386,387
386,197
386,199
386,388
386,122
387,385
387,386
387,197
387,199
387,388
387,122
388,385
388,386
388,387
388,197
388,199
388,122
389,2
389,4
389,228
390,422
390,232
390,171
390,202
391,137
391,146
391,188
391,195
391,113
392,393
392,92
392,272
392,111
392,394
392,171
392,202
393,92
393,272
393,111
393,392
393,394
393,171
393,202
394,393
394,92
394,272
394,111
394,392
394,171
394,202
395,2
395,4
395,293
395,103
395,396
396,103
396,2
396,395
396,4
396,293
397,216
397,361
398,296
398,9
398,60
398,157
398,367
398,171
399,297
399,171
399,74
399,400
400,399
400,297
400,171
400,74
401,282
401,46
402,87
403,298
404,272
404,406
404,171
404,405
404,213
404,321
405,272
405,406
405,404
405,171
405,213
405,321
406,272
406,404
406,171
406,405
406,213
406,321
407,408
407,409
407,188
407,171
407,241
407,160
408,409
408,188
408,171
408,407
408,160
409,408
409,188
409,171
409,407
409,160
409,241
410,411
410,412
410,211
410,413
410,21
410,332
410,414
411,21
411,410
411,412
411,414
411,211
411,413
412,411
412,21
412,410
412,414
412,211
412,413
413,411
413,21
413,410
413,412
413,414
413,211
414,411
414,21
414,410
414,412
414,211
414,413
415,416
415,171
416,171
416,415
417,326
417,101
417,188
417,131
417,17
417,191
417,95
417,4
417,166
417,29
417,418
418,326
418,417
418,131
418,17
418,4
418,29
419,337
419,238
419,186
419,216
419,425
419,312
419,21
419,171
419,420
420,238
420,337
420,186
420,216
420,73
420,425
420,165
420,312
420,21
420,171
420,419
420,53
421,316
421,339
421,4
421,302
422,171
422,202
422,390
423,106
423,4
424,197
424,9
424,93
424,65
424,295
424,171
424,4
425,216
425,186
425,21
425,171
425,419
425,420
426,427
426,179
427,77
427,426
428,332
428,171
429,154
429,9
429,315
429,432
429,171
430,136
430,171
431,22
431,171
431,39
432,154
432,429
432,171
433,221
